228 0 34
115 0 79
15 0 102
145 0 111
254 0 112
301 0 118
27 0 236
227 0 248
17 1 310
274 1 311
162 1 312
93 1 313
242 1 314
47 1 315
18 1 316
2 1 317
177 1 318
115 1 318
139 1 318
237 1 319
161 1 320
30 1 320
286 1 321
74 1 322
158 1 323
209 1 324
257 1 325
58 1 326
4 1 327
197 1 328
188 1 329
117 1 330
23 1 331
66 1 332
248 1 333
91 1 334
55 1 335
92 1 336
110 1 337
3 1 338
64 1 339
237 1 340
39 1 341
160 1 342
260 1 342
120 1 343
300 1 344
232 1 345
297 1 346
136 1 347
42 1 348
65 1 349
227 1 349
93 1 349
88 1 350
90 1 350
103 1 351
280 1 352
151 1 353
138 1 354
123 1 354
246 1 355
25 1 356
97 1 357
233 1 357
143 1 357
207 1 358
32 1 359
40 1 360
150 1 361
81 1 362
104 1 363
92 1 364
111 1 365
13 1 366
202 1 367
83 1 368
124 1 369
295 1 370
130 1 371
225 1 371
36 1 371
169 1 371
188 1 372
187 1 373
237 1 374
108 1 375
108 1 376
60 1 377
180 1 378
19 1 379
152 1 380
175 1 381
166 1 381
200 1 382
202 1 383
258 1 384
189 1 385
15 1 386
78 1 387
113 1 388
182 1 389
99 1 390
285 1 391
235 1 392
21 1 393
66 1 394
197 1 394
251 1 395
127 1 396
2 1 397
229 1 398
201 1 399
215 1 400
10 1 401
181 1 402
167 1 402
178 1 402
78 1 402
289 1 402
277 1 402
290 1 402
251 1 402
309 1 402
252 1 403
237 1 404
49 1 405
308 1 406
21 1 407
28 1 408
272 1 408
87 1 409
294 1 409
291 1 410
122 1 411
80 1 412
287 1 413
231 1 414
177 1 414
216 1 414
189 1 415
304 1 416
31 1 417
133 1 418
246 1 419
151 1 419
301 1 420
76 1 421
32 1 422
116 1 423
128 1 424
179 1 424
84 1 424
185 1 424
112 1 424
25 1 424
249 1 424
243 1 425
160 1 426
141 1 427
61 1 427
54 1 427
35 1 428
119 1 428
52 1 429
115 1 430
305 1 430
162 1 431
4 1 432
254 1 433
269 1 434
150 1 435
8 1 436
34 1 437
55 1 438
298 1 439
240 1 440
206 1 440
150 1 441
78 1 442
203 1 443
9 1 444
176 1 445
293 1 446
41 1 446
144 1 447
16 1 448
11 1 449
284 1 449
160 1 450
116 1 451
155 1 452
133 1 453
2 1 453
177 1 453
256 1 453
195 1 454
33 1 455
80 1 456
274 1 457
230 1 458
172 1 459
138 1 459
284 1 459
38 1 460
14 1 461
308 1 462
267 1 463
142 1 464
59 1 465
161 1 466
75 1 467
195 1 468
109 1 469
270 1 470
191 1 470
184 1 471
87 1 472
89 1 472
41 1 473
78 1 474
276 1 475
133 1 475
83 1 476
122 1 477
221 1 478
291 1 479
74 1 480
255 1 481
252 1 482
168 1 483
216 1 484
140 1 485
37 1 486
60 1 487
45 1 488
294 1 489
147 1 490
114 1 491
145 1 491
71 1 492
85 1 493
70 1 494
71 1 495
231 1 496
74 1 497
294 1 498
246 1 499
230 1 500
126 1 501
46 1 502
292 1 503
279 1 503
215 1 503
198 1 503
83 1 504
172 1 505
40 1 505
116 1 506
62 1 507
31 1 508
175 1 509
9 1 510
212 1 511
19 1 512
154 1 513
110 1 514
286 1 515
164 1 516
89 1 517
304 1 517
215 1 518
136 1 519
305 1 520
165 1 521
53 1 522
30 1 523
33 1 524
105 1 525
81 1 526
93 1 527
225 1 527
46 1 528
121 1 529
200 1 530
186 1 531
87 1 532
24 1 533
50 1 534
258 1 535
306 1 536
45 1 537
131 1 537
183 1 538
300 1 539
201 1 540
277 1 540
270 1 540
230 1 541
231 1 542
182 1 543
243 1 544
0 1 545
208 1 546
140 1 547
101 1 548
190 1 549
25 1 550
236 1 550
152 1 551
28 1 552
35 1 553
65 1 554
229 1 555
254 1 556
207 1 557
118 1 558
79 1 558
58 1 558
262 1 558
36 1 559
6 1 560
186 1 561
7 1 562
167 1 562
134 1 563
119 1 563
73 1 564
276 1 565
238 1 566
107 1 567
34 1 567
219 1 568
258 1 569
121 1 570
228 1 571
184 1 572
236 1 572
204 1 573
184 1 574
276 1 575
192 1 576
117 1 577
58 1 578
106 1 579
114 1 580
135 1 580
117 1 580
127 1 581
92 1 582
127 1 583
214 1 584
165 1 585
106 1 586
289 1 586
42 1 587
75 1 588
284 1 589
109 1 590
120 1 591
201 1 591
262 1 591
156 1 591
239 1 592
280 1 593
240 1 594
290 1 595
248 1 596
223 1 596
169 1 596
127 1 597
27 1 598
77 1 599
148 1 600
12 1 601
206 1 602
97 1 603
267 1 604
295 1 605
27 1 606
143 1 606
10 1 607
43 1 608
209 1 609
123 1 610
241 1 611
162 1 612
54 1 613
121 1 614
35 1 615
271 1 616
137 1 617
271 1 618
189 1 619
109 1 620
187 1 621
120 1 622
44 1 623
199 1 624
6 1 625
96 1 626
251 1 626
150 1 626
20 1 626
213 1 627
84 1 628
90 1 629
123 1 630
16 1 631
195 1 632
301 1 633
39 1 633
210 1 634
267 1 634
69 1 635
302 1 636
236 1 637
28 1 638
209 1 639
47 1 640
240 1 641
157 1 642
198 1 643
247 1 644
179 1 645
297 1 646
85 1 647
135 1 648
99 1 649
1 1 650
245 1 650
211 1 651
170 1 652
199 1 653
200 1 654
278 1 655
159 1 656
103 1 657
67 1 658
214 1 659
155 1 660
243 1 660
29 1 661
307 1 662
253 1 663
269 1 663
306 1 663
98 1 663
288 1 663
73 1 664
256 1 665
104 1 666
38 1 667
147 1 668
51 1 669
0 2 8218
1 2 2160
2 2 11748
3 2 10423
4 2 8768
5 2 9365
6 2 2160
7 2 12873
8 2 3772
9 2 3704
10 2 13773
11 2 6737
12 2 4447
13 2 4245
14 2 7784
15 2 6760
16 2 14710
17 2 3980
18 2 825
19 2 7857
20 2 4172
21 2 9373
22 2 2842
23 2 5887
24 2 13659
25 2 5372
26 2 1921
27 2 8124
28 2 2648
29 2 13824
30 2 4779
31 2 1991
32 2 11818
33 2 9709
34 2 11016
35 2 843
36 2 14675
37 2 2951
38 2 4495
39 2 8643
40 2 1209
41 2 2353
42 2 6693
43 2 5975
44 2 11500
45 2 3446
46 2 1991
47 2 8265
48 2 5644
49 2 13775
50 2 1483
51 2 10125
52 2 3560
53 2 15548
54 2 12319
55 2 8303
56 2 838
57 2 1537
58 2 11233
59 2 11818
60 2 11157
61 2 6589
62 2 5032
63 2 3751
64 2 5744
65 2 845
66 2 10646
67 2 13187
68 2 3626
69 2 2042
70 2 4262
71 2 7960
72 2 4725
73 2 14025
74 2 4917
75 2 7148
76 2 15180
77 2 5812
78 2 4465
79 2 14554
80 2 13824
81 2 3561
82 2 10025
83 2 10838
84 2 7753
85 2 11107
86 2 12220
87 2 2830
88 2 12803
89 2 4976
90 2 5662
91 2 14760
92 2 8697
93 2 8594
94 2 2259
95 2 1271
96 2 5634
97 2 1806
98 2 3561
99 2 12284
100 2 2830
101 2 11016
102 2 11473
103 2 11663
104 2 11130
105 2 11808
106 2 14408
107 2 4124
108 2 7046
109 2 3830
110 2 15422
111 2 2842
112 2 7552
113 2 10047
114 2 4468
115 2 7407
116 2 15287
117 2 12540
118 2 3448
119 2 5774
120 2 14914
121 2 12569
122 2 8004
123 2 10826
124 2 5918
125 2 4600
126 2 5683
127 2 10614
128 2 9539
129 2 14769
130 2 4315
131 2 10207
132 2 5610
133 2 13846
134 2 11247
135 2 6953
136 2 1326
137 2 2881
138 2 675
139 2 2830
140 2 14731
141 2 2320
142 2 4534
143 2 1994
144 2 10032
145 2 4315
146 2 8066
147 2 3165
148 2 1725
149 2 1766
150 2 14408
151 2 8647
152 2 4477
153 2 6885
154 2 7642
155 2 5835
156 2 9851
157 2 10369
158 2 7119
159 2 3974
160 2 13074
161 2 4906
162 2 14945
163 2 5769
164 2 15128
165 2 12859
166 2 2867
167 2 832
168 2 4774
169 2 6027
170 2 1844
171 2 13874
172 2 5173
173 2 14185
174 2 8018
175 2 5221
176 2 5785
177 2 12668
178 2 8055
179 2 7635
180 2 4468
181 2 12558
182 2 14078
183 2 14474
184 2 7058
185 2 5380
186 2 6403
187 2 5692
188 2 14411
189 2 11769
190 2 2867
191 2 4531
192 2 4623
193 2 2867
194 2 4301
195 2 15164
196 2 6726
197 2 2329
198 2 3496
199 2 11533
200 2 1634
201 2 10219
202 2 5138
203 2 15140
204 2 11769
205 2 4244
206 2 2791
207 2 3789
208 2 3970
209 2 7404
210 2 3494
211 2 1610
212 2 7773
213 2 11095
214 2 3274
215 2 5201
216 2 11837
217 2 10614
218 2 1556
219 2 8120
220 2 11284
221 2 4172
222 2 8290
223 2 1206
224 2 15480
225 2 11209
226 2 14002
227 2 1669
228 2 2887
229 2 8265
230 2 9471
231 2 15415
232 2 14078
233 2 4674
234 2 14679
235 2 6093
236 2 13631
237 2 8641
238 2 1315
239 2 3927
240 2 10102
241 2 4028
242 2 1206
243 2 9402
244 2 6954
245 2 11168
246 2 6434
247 2 15464
248 2 12240
249 2 1608
250 2 14760
251 2 11632
252 2 13908
253 2 8932
254 2 14408
255 2 14185
256 2 2113
257 2 8426
258 2 8743
259 2 6471
260 2 2737
261 2 9185
262 2 6052
263 2 8221
264 2 8302
265 2 1431
266 2 14408
267 2 5302
268 2 5887
269 2 3020
270 2 9393
271 2 11028
272 2 2666
273 2 10387
274 2 3289
275 2 14025
276 2 13933
277 2 5080
278 2 1981
279 2 3399
280 2 6807
281 2 10681
282 2 1052
283 2 12032
284 2 4416
285 2 12380
286 2 6231
287 2 4607
288 2 12231
289 2 7406
290 2 15190
291 2 13272
292 2 1844
293 2 14134
294 2 6027
295 2 2569
296 2 13140
297 2 4925
298 2 15667
299 2 6954
300 2 4459
301 2 4578
302 2 2621
303 2 11585
304 2 12284
305 2 3192
306 2 12745
307 2 4624
308 2 1888
309 2 6490
99 3 15670
195 3 15671
252 3 15672
112 3 15673
253 3 15674
93 3 15675
286 3 15676
98 3 15677
115 3 15678
133 3 15679
75 3 15680
1 3 15681
159 3 15681
246 3 15682
1 3 15683
136 3 15683
126 3 15684
300 3 15685
219 3 15685
208 3 15685
71 3 15685
226 3 15686
133 3 15686
208 3 15687
154 3 15688
231 3 15689
143 3 15690
71 3 15691
284 3 15692
127 3 15693
101 3 15694
50 3 15695
210 3 15696
289 3 15696
289 3 15696
6 3 15696
271 3 15696
50 3 15697
216 3 15698
102 3 15699
222 3 15700
58 3 15701
289 3 15702
106 3 15703
75 3 15704
105 3 15705
166 3 15706
50 3 15707
214 3 15708
124 3 15709
306 3 15710
214 3 15711
192 3 15711
28 3 15711
41 3 15711
128 3 15712
157 3 15712
106 3 15713
132 3 15713
148 3 15713
162 3 15713
122 3 15713
87 3 15714
166 3 15715
226 3 15716
195 3 15717
278 3 15718
230 3 15718
248 3 15719
84 3 15719
4 3 15719
250 3 15720
166 3 15721
23 3 15722
137 3 15723
143 3 15723
265 3 15724
181 3 15724
117 3 15725
290 3 15726
126 3 15726
1 3 15727
213 3 15728
278 3 15729
249 3 15729
22 3 15730
214 3 15731
294 3 15732
262 3 15732
181 3 15733
159 3 15734
195 3 15735
196 3 15736
254 3 15736
108 3 15736
210 3 15736
132 3 15736
154 3 15737
108 3 15738
298 3 15738
132 3 15739
196 3 15740
117 3 15740
231 3 15740
54 3 15740
15 3 15741
127 3 15742
185 3 15743
58 3 15744
245 3 15744
5 3 15745
196 3 15745
132 3 15746
41 3 15747
249 3 15748
256 3 15749
188 3 15750
186 3 15751
67 3 15752
258 3 15753
198 3 15753
292 3 15754
246 3 15755
255 3 15755
62 3 15755
99 3 15755
41 3 15756
117 3 15757
191 3 15758
56 3 15759
9 3 15759
62 3 15759
222 3 15760
157 3 15761
126 3 15762
77 3 15762
86 3 15762
4 3 15762
244 3 15762
53 3 15762
290 3 15762
184 3 15762
287 3 15762
157 3 15763
208 3 15764
201 3 15764
276 3 15764
165 3 15765
227 3 15766
256 3 15767
184 3 15768
160 3 15768
55 3 15768
286 3 15768
188 3 15769
49 3 15770
258 3 15771
29 3 15771
295 3 15771
294 3 15771
159 3 15771
41 3 15771
56 3 15771
274 3 15771
6 3 15772
238 3 15773
49 3 15774
71 3 15774
69 3 15775
4 3 15776
278 3 15777
218 3 15778
309 3 15779
239 3 15780
159 3 15780
254 3 15780
0 3 15781
291 3 15782
134 3 15783
166 3 15784
255 3 15784
112 3 15784
117 3 15784
149 3 15784
192 3 15784
58 3 15784
137 3 15784
192 3 15784
212 3 15784
210 3 15784
281 3 15784
159 3 15784
137 3 15784
11 3 15785
209 3 15786
108 3 15787
107 3 15788
49 3 15789
295 3 15789
0 4 16113
0 4 16779
0 4 16274
0 4 16445
1 4 16491
1 4 16230
1 4 16826
1 4 16717
1 4 16114
1 4 16405
1 4 16692
1 4 16367
1 4 15856
2 4 16530
2 4 16892
2 4 16615
2 4 16843
2 4 16560
2 4 15946
2 4 15827
2 4 16049
2 4 16266
3 4 16869
3 4 16502
3 4 16548
4 4 15931
4 4 16543
4 4 15863
4 4 16569
4 4 16750
4 4 16396
4 4 16008
4 4 16976
5 4 16764
5 4 16287
5 4 15880
5 4 16670
5 4 15989
5 4 16166
5 4 15908
5 4 16115
5 4 16441
5 4 16340
6 4 16091
6 4 16897
6 4 16408
6 4 16104
6 4 16680
6 4 16289
6 4 16090
6 4 16087
6 4 16069
7 4 16460
7 4 16043
7 4 16240
7 4 16255
7 4 16514
8 4 16369
8 4 16670
8 4 16522
8 4 16055
8 4 16611
8 4 15983
8 4 16438
8 4 16816
8 4 16055
8 4 16015
8 4 15987
9 4 16358
9 4 16891
9 4 16489
9 4 15838
9 4 16020
9 4 15947
9 4 16577
9 4 16630
10 4 16283
10 4 16976
10 4 16960
10 4 16946
10 4 16724
10 4 16369
10 4 16434
10 4 16846
11 4 16472
11 4 16144
11 4 16212
11 4 16871
11 4 15836
12 4 16151
12 4 16211
12 4 15890
12 4 16962
12 4 15827
12 4 16108
12 4 16078
12 4 16853
13 4 16617
13 4 16733
13 4 16666
13 4 15979
13 4 16340
13 4 16648
13 4 16214
13 4 16459
14 4 16313
14 4 16837
14 4 16740
14 4 16131
14 4 15832
14 4 15880
14 4 16004
14 4 15935
14 4 15921
15 4 16170
15 4 16213
15 4 16751
15 4 16331
15 4 16447
15 4 16371
15 4 16769
15 4 15973
15 4 16161
15 4 16711
15 4 16721
15 4 16610
15 4 16039
15 4 15854
15 4 16119
16 4 16854
16 4 16442
16 4 16782
16 4 16316
16 4 16314
16 4 16131
16 4 16404
16 4 15805
16 4 15838
16 4 16075
16 4 16238
16 4 16529
17 4 16433
17 4 16941
17 4 16512
17 4 15943
17 4 16539
17 4 16274
17 4 16223
17 4 16664
18 4 16298
18 4 15908
18 4 16321
18 4 16097
19 4 16270
19 4 15937
19 4 16386
19 4 16282
19 4 16353
19 4 16913
19 4 15853
19 4 16044
19 4 16584
19 4 16137
19 4 16089
20 4 15903
20 4 16782
20 4 16228
20 4 16043
20 4 16787
20 4 15878
20 4 16744
21 4 16002
21 4 16703
21 4 16334
21 4 16904
21 4 15945
21 4 16462
22 4 15829
22 4 16934
22 4 16331
22 4 16953
23 4 16937
23 4 16638
23 4 16082
23 4 16097
23 4 16127
23 4 16728
23 4 15829
23 4 15945
24 4 16218
24 4 15979
24 4 16892
24 4 16976
24 4 15883
24 4 16161
25 4 16793
25 4 16884
25 4 15823
25 4 16409
25 4 16949
25 4 16211
25 4 16217
25 4 16419
25 4 16953
25 4 15962
26 4 16136
26 4 15963
26 4 16460
26 4 16064
26 4 16397
26 4 15950
26 4 16010
26 4 16773
26 4 15802
27 4 16143
27 4 16353
27 4 16376
27 4 16202
27 4 16247
27 4 15920
27 4 16423
27 4 16584
27 4 16620
28 4 16735
28 4 16161
28 4 16701
28 4 16878
28 4 16776
28 4 16970
28 4 16255
28 4 16680
28 4 16409
28 4 16090
28 4 16735
28 4 16861
28 4 16516
29 4 16383
29 4 16634
29 4 16954
29 4 16039
29 4 16434
29 4 16027
29 4 16214
29 4 16585
29 4 16671
30 4 16967
30 4 15945
30 4 16286
30 4 16401
30 4 16553
30 4 16582
31 4 16464
31 4 16843
31 4 16816
31 4 16433
31 4 16827
31 4 16913
31 4 16870
31 4 15979
31 4 16779
31 4 16322
32 4 15870
32 4 16590
32 4 16320
32 4 16615
32 4 16646
32 4 16133
32 4 16322
32 4 16728
32 4 16075
32 4 15871
32 4 16765
32 4 16981
33 4 16653
33 4 16230
33 4 16237
33 4 16257
34 4 16213
34 4 16312
34 4 16586
34 4 16066
34 4 16753
34 4 15943
34 4 16944
34 4 16155
34 4 15820
34 4 15842
35 4 15973
35 4 15878
35 4 16802
35 4 16266
35 4 16160
35 4 16883
35 4 16749
35 4 16948
35 4 16905
35 4 16913
36 4 16082
36 4 16626
36 4 16928
36 4 15923
36 4 16093
36 4 16358
37 4 16412
37 4 15956
37 4 16445
37 4 16361
37 4 15981
37 4 16713
37 4 16946
37 4 16414
38 4 16136
38 4 16248
38 4 15993
38 4 16327
39 4 16419
39 4 16897
39 4 16854
39 4 16212
39 4 16721
39 4 16776
39 4 16217
39 4 16211
40 4 15910
40 4 15989
40 4 16807
40 4 16849
40 4 15809
40 4 15981
40 4 16867
40 4 16913
40 4 16197
42 4 16134
42 4 16717
42 4 16073
43 4 16976
43 4 16787
43 4 16102
43 4 16750
44 4 16617
44 4 15803
44 4 15907
44 4 16272
45 4 16501
45 4 16269
45 4 16360
45 4 15991
45 4 16275
45 4 16741
46 4 16388
46 4 16468
46 4 15931
46 4 16954
46 4 16678
46 4 16116
47 4 15947
47 4 15865
48 4 16743
48 4 16351
48 4 16799
48 4 16287
48 4 16109
48 4 15956
48 4 16225
48 4 15938
48 4 16182
49 4 15802
49 4 16648
49 4 15873
49 4 16073
49 4 16856
49 4 16694
49 4 16476
49 4 15932
50 4 16514
50 4 15995
50 4 16770
50 4 16974
50 4 16582
50 4 15974
50 4 16246
50 4 16130
50 4 16353
51 4 16797
51 4 16892
51 4 16718
51 4 16168
51 4 16408
51 4 16519
51 4 16060
52 4 16209
52 4 15915
52 4 16856
52 4 15950
53 4 15792
53 4 16186
53 4 16562
54 4 16421
54 4 16932
54 4 16973
54 4 16445
54 4 15853
54 4 16046
54 4 16049
54 4 15798
54 4 16236
55 4 16746
55 4 16676
55 4 16685
55 4 16909
55 4 16903
55 4 16189
56 4 16127
56 4 16261
56 4 16615
56 4 16158
56 4 16303
56 4 16816
56 4 16928
57 4 16612
57 4 16093
57 4 16136
57 4 16583
57 4 16818
57 4 16580
57 4 16323
57 4 16055
57 4 16606
57 4 16230
57 4 16025
57 4 16192
57 4 16008
57 4 16148
58 4 16613
58 4 16892
58 4 15866
58 4 15864
58 4 16461
59 4 16117
59 4 16267
59 4 16811
59 4 16478
60 4 16369
60 4 16009
60 4 16141
60 4 16016
61 4 16935
62 4 16817
62 4 16304
62 4 16234
62 4 15910
62 4 16033
62 4 15990
62 4 16701
62 4 15838
62 4 15976
62 4 16453
63 4 16092
63 4 16098
63 4 16426
63 4 16362
63 4 16064
64 4 16476
64 4 16896
64 4 15810
64 4 16246
64 4 16502
64 4 16798
65 4 16422
65 4 16924
65 4 15819
65 4 16460
65 4 16858
65 4 16827
65 4 16423
65 4 16677
66 4 16484
66 4 16843
66 4 16701
66 4 16773
66 4 16668
66 4 16521
66 4 16582
66 4 16486
66 4 15807
67 4 16166
67 4 16256
67 4 16132
67 4 16456
67 4 16888
67 4 16886
67 4 16298
67 4 16300
67 4 16728
68 4 16153
68 4 15832
68 4 16891
68 4 16682
68 4 16216
69 4 16236
69 4 16861
70 4 16676
70 4 16478
70 4 16704
70 4 15977
70 4 16358
70 4 16077
70 4 16584
70 4 16537
70 4 16168
70 4 16295
70 4 15884
70 4 16098
70 4 15810
71 4 16485
71 4 16464
72 4 15999
72 4 16510
72 4 16386
72 4 16917
72 4 16652
72 4 16728
72 4 16891
72 4 15945
72 4 16086
72 4 16716
72 4 16157
73 4 16839
73 4 15938
74 4 16983
74 4 16361
74 4 16530
74 4 16353
74 4 16776
74 4 16127
74 4 16854
75 4 15952
75 4 16678
75 4 16795
75 4 16917
75 4 16838
76 4 16568
76 4 16197
76 4 15795
76 4 16066
76 4 16191
76 4 16222
76 4 16713
76 4 16205
77 4 16806
77 4 16757
77 4 16402
78 4 16311
78 4 16219
78 4 16305
78 4 16686
78 4 16250
78 4 16165
78 4 16631
78 4 16002
78 4 15836
78 4 16700
78 4 15982
78 4 15966
78 4 15798
78 4 16687
78 4 16303
79 4 16555
79 4 15949
79 4 16937
79 4 16473
79 4 16302
79 4 15888
79 4 16144
79 4 16869
79 4 16238
79 4 16135
80 4 15809
80 4 16988
80 4 16089
80 4 15947
80 4 16101
81 4 15981
81 4 16617
81 4 16472
81 4 16483
81 4 15936
81 4 16549
81 4 16599
81 4 16691
81 4 16102
81 4 16300
81 4 16388
81 4 16551
81 4 16973
81 4 16478
81 4 16724
81 4 16272
82 4 16644
82 4 16040
82 4 15915
82 4 16860
82 4 16403
82 4 16569
82 4 16357
82 4 16742
82 4 16501
83 4 15946
83 4 16700
83 4 16953
83 4 16300
83 4 16543
83 4 16483
83 4 15959
83 4 16322
83 4 16854
83 4 16685
83 4 15995
84 4 16634
84 4 16116
84 4 16707
84 4 16323
84 4 16461
84 4 16588
84 4 16075
84 4 15831
84 4 16843
84 4 16600
85 4 16165
85 4 16038
85 4 16384
85 4 16894
85 4 15921
86 4 16832
86 4 15981
86 4 16670
87 4 16154
87 4 16147
87 4 16476
87 4 16257
87 4 16902
87 4 16078
87 4 16253
87 4 16751
87 4 16671
87 4 16189
87 4 16913
88 4 16235
88 4 16072
88 4 15819
88 4 15963
89 4 15879
89 4 16511
89 4 16545
89 4 15888
89 4 16248
89 4 16212
89 4 16860
90 4 16472
90 4 16220
90 4 15917
90 4 16461
90 4 15835
90 4 16059
90 4 16421
91 4 16812
91 4 16617
91 4 16496
91 4 16441
91 4 16882
91 4 16326
91 4 16461
92 4 16733
92 4 16153
92 4 16259
92 4 16132
92 4 16518
92 4 16695
93 4 15886
93 4 16359
93 4 16218
93 4 16283
93 4 16683
93 4 16615
93 4 16427
93 4 16031
93 4 16555
94 4 15931
94 4 16470
94 4 16473
94 4 16052
94 4 16025
94 4 16583
94 4 16017
94 4 16949
94 4 16655
94 4 16932
94 4 15939
95 4 15965
95 4 16476
95 4 16190
95 4 16655
96 4 16657
96 4 16116
96 4 16424
97 4 16896
97 4 16187
97 4 16091
97 4 15837
97 4 15800
97 4 16742
97 4 15991
97 4 16002
97 4 16787
98 4 16108
98 4 15905
98 4 16473
98 4 16944
98 4 16558
98 4 16428
98 4 16123
98 4 16022
98 4 16474
98 4 16202
99 4 16382
99 4 15978
99 4 16868
100 4 16647
100 4 16811
100 4 16098
100 4 16128
100 4 16372
100 4 15874
100 4 16900
100 4 16625
100 4 16092
100 4 16235
100 4 15869
100 4 16136
100 4 16052
100 4 15954
101 4 16063
101 4 15882
101 4 16530
101 4 16262
101 4 16292
101 4 16598
102 4 16266
102 4 16832
102 4 16824
102 4 16027
102 4 15989
102 4 16774
103 4 15814
103 4 15821
103 4 16928
103 4 15998
103 4 16575
103 4 16771
103 4 16854
104 4 16257
104 4 16543
104 4 16055
104 4 15911
104 4 16536
104 4 16901
104 4 16002
104 4 16390
104 4 16759
104 4 16476
104 4 16954
104 4 16764
104 4 16622
104 4 16953
104 4 16832
106 4 16512
106 4 16896
106 4 16800
106 4 15860
106 4 16348
107 4 16953
107 4 16929
107 4 16091
107 4 16316
107 4 16516
107 4 16294
107 4 15923
107 4 16707
108 4 16121
108 4 16422
108 4 16464
108 4 16059
108 4 16367
108 4 16314
108 4 15836
108 4 16708
108 4 16570
109 4 16649
109 4 15884
110 4 16553
110 4 16399
110 4 15948
110 4 16506
110 4 16570
110 4 16900
111 4 16040
111 4 15890
111 4 16739
112 4 16014
112 4 16322
112 4 16617
112 4 16369
112 4 16316
112 4 16598
112 4 15999
112 4 16746
112 4 16869
112 4 16108
113 4 16388
113 4 16894
113 4 16614
113 4 16848
113 4 15853
113 4 16895
113 4 16055
114 4 16148
114 4 16928
114 4 15991
114 4 16137
115 4 16744
115 4 16727
115 4 16323
115 4 16230
116 4 16267
116 4 15980
116 4 15891
116 4 16333
116 4 16820
116 4 15864
116 4 16045
116 4 16114
116 4 16582
117 4 16533
117 4 16072
117 4 16776
117 4 16222
117 4 15885
117 4 16889
117 4 16964
117 4 16248
118 4 15936
118 4 16851
118 4 16313
118 4 16764
118 4 16945
118 4 15897
118 4 16039
118 4 16501
118 4 15985
119 4 16132
119 4 16679
119 4 16774
119 4 16785
120 4 15885
120 4 16947
120 4 16581
120 4 15920
120 4 15869
120 4 15997
120 4 15978
121 4 15938
121 4 16742
121 4 16459
121 4 16862
122 4 16827
122 4 16264
122 4 16846
122 4 16388
122 4 15998
122 4 16118
122 4 16853
122 4 16089
123 4 16310
123 4 16420
124 4 16218
124 4 16380
124 4 15987
124 4 16287
124 4 16659
124 4 16651
124 4 16425
124 4 16800
124 4 16454
124 4 16322
124 4 15810
124 4 16116
124 4 16218
124 4 15897
125 4 16614
125 4 16497
125 4 16313
125 4 16266
125 4 16627
126 4 15933
126 4 16184
126 4 16757
126 4 16232
126 4 16653
126 4 16491
127 4 16555
127 4 16880
127 4 16420
127 4 16597
127 4 16002
128 4 16972
128 4 16077
128 4 16550
128 4 16536
128 4 16398
128 4 16714
128 4 16078
128 4 15862
129 4 16548
129 4 15999
129 4 16138
129 4 16897
129 4 16771
129 4 16303
129 4 16757
129 4 16499
129 4 16204
129 4 16961
129 4 16774
129 4 16321
129 4 16947
130 4 15936
130 4 16588
130 4 16328
130 4 16498
130 4 16483
130 4 16409
130 4 16957
131 4 16765
131 4 16759
131 4 15831
131 4 16623
131 4 15937
132 4 15869
133 4 16100
133 4 16303
133 4 16861
133 4 16429
133 4 15998
133 4 16012
133 4 16539
133 4 16578
133 4 16448
134 4 16553
134 4 15987
134 4 15884
134 4 16354
135 4 15884
135 4 16117
135 4 16073
135 4 16162
136 4 15860
136 4 16448
136 4 16275
136 4 16358
136 4 16976
136 4 16909
137 4 16159
137 4 16215
137 4 16554
137 4 16569
137 4 15898
137 4 16512
137 4 16016
137 4 16499
138 4 16593
138 4 16325
138 4 16989
138 4 16090
138 4 16618
138 4 16172
138 4 15932
139 4 15888
139 4 16692
139 4 16697
139 4 16693
140 4 16104
140 4 16873
140 4 16946
140 4 16673
140 4 16612
141 4 16928
141 4 16977
141 4 15938
141 4 16632
142 4 15873
142 4 15905
142 4 16091
142 4 16885
142 4 16862
142 4 16558
142 4 16243
142 4 16432
142 4 16246
143 4 16041
143 4 16164
143 4 16259
143 4 16399
143 4 16091
143 4 16471
143 4 16025
144 4 16877
144 4 15931
144 4 16552
144 4 16561
144 4 15835
144 4 16861
144 4 15844
144 4 15817
144 4 16360
144 4 16666
145 4 16448
145 4 16147
145 4 16016
145 4 16549
145 4 16275
146 4 15923
146 4 16716
146 4 15883
146 4 16073
147 4 15980
147 4 16843
147 4 16594
147 4 15863
147 4 15819
147 4 16493
147 4 15890
147 4 16266
147 4 16477
147 4 15875
147 4 16641
148 4 16063
148 4 16556
148 4 16023
148 4 15815
148 4 16302
148 4 15884
148 4 16038
148 4 16797
148 4 16137
148 4 16725
148 4 16247
148 4 16115
150 4 16680
150 4 16577
150 4 15999
150 4 16496
150 4 16302
150 4 15985
150 4 15902
150 4 16313
151 4 15819
151 4 16492
151 4 16569
151 4 16146
151 4 16403
151 4 15946
151 4 15987
152 4 16801
152 4 16379
152 4 16456
152 4 16800
152 4 16139
152 4 16538
152 4 15833
152 4 16156
152 4 16559
153 4 16302
153 4 16518
153 4 16682
153 4 15954
153 4 15917
153 4 15862
153 4 16987
153 4 16048
153 4 16340
154 4 16375
154 4 16419
154 4 16747
154 4 16265
154 4 16812
154 4 16717
154 4 15790
155 4 16301
155 4 16490
156 4 16824
156 4 16153
156 4 16082
157 4 16033
157 4 15943
157 4 15923
157 4 16445
157 4 16892
157 4 16831
158 4 16717
158 4 16653
158 4 16912
158 4 16264
158 4 16959
158 4 16236
158 4 16667
158 4 15960
158 4 15802
158 4 16553
158 4 15820
158 4 16546
158 4 16121
158 4 16699
158 4 16018
158 4 15929
159 4 16359
159 4 15855
159 4 16529
159 4 16081
159 4 16769
159 4 16496
159 4 16630
159 4 16365
159 4 15815
160 4 16382
160 4 16123
160 4 16448
160 4 16651
160 4 16946
160 4 15873
160 4 16788
161 4 16658
161 4 16708
161 4 16949
162 4 16873
162 4 16267
162 4 16258
162 4 15976
162 4 15894
162 4 15891
162 4 16018
162 4 16289
162 4 16676
162 4 15821
162 4 16593
162 4 16184
162 4 16785
163 4 15929
163 4 16946
163 4 16365
163 4 16043
163 4 16861
164 4 16536
164 4 16361
164 4 16710
164 4 16719
164 4 16432
164 4 16486
164 4 16384
164 4 16375
164 4 16054
164 4 16269
164 4 16266
164 4 16973
164 4 16828
164 4 16234
165 4 16938
165 4 15835
165 4 16142
165 4 16030
165 4 16743
165 4 16386
165 4 15860
165 4 16493
165 4 15905
165 4 16348
165 4 16077
165 4 16408
165 4 16046
166 4 16732
166 4 16454
166 4 15980
166 4 16812
167 4 16957
167 4 16916
167 4 16812
167 4 16094
167 4 16107
167 4 16552
168 4 16784
168 4 16024
168 4 16035
168 4 16779
168 4 16582
168 4 16763
168 4 15967
168 4 16142
169 4 15987
169 4 16442
169 4 16031
170 4 16391
170 4 16519
170 4 15849
170 4 15811
170 4 16649
170 4 16284
171 4 16283
171 4 16980
171 4 16399
171 4 16952
171 4 15836
171 4 16588
171 4 16091
171 4 16303
171 4 16712
172 4 16465
172 4 16101
172 4 16583
172 4 15811
172 4 16905
172 4 16812
172 4 15903
172 4 16073
172 4 16651
173 4 16130
173 4 16553
173 4 15954
173 4 16274
173 4 16738
173 4 16086
174 4 16661
174 4 16470
174 4 16033
174 4 16082
174 4 16893
175 4 16104
175 4 16040
175 4 16581
175 4 16560
175 4 16707
176 4 16302
176 4 16645
176 4 16713
176 4 16488
176 4 16760
177 4 16364
177 4 16729
177 4 16287
177 4 16192
177 4 16352
177 4 16529
178 4 16617
178 4 15923
178 4 16586
178 4 15807
178 4 15830
178 4 16743
179 4 16785
179 4 16460
179 4 16330
179 4 16127
179 4 16002
179 4 15989
179 4 16287
179 4 16051
179 4 16853
179 4 16328
180 4 16689
180 4 16423
180 4 15881
180 4 16615
181 4 16541
181 4 16975
182 4 16727
182 4 16314
183 4 16094
183 4 16213
183 4 16845
183 4 16837
183 4 15946
183 4 15966
183 4 16851
183 4 16927
183 4 16279
184 4 15836
184 4 16854
184 4 16525
184 4 15857
184 4 16357
184 4 16900
184 4 16961
184 4 16874
184 4 15990
184 4 16604
185 4 16614
185 4 16736
185 4 16495
185 4 16904
185 4 16814
185 4 16526
185 4 15923
185 4 16200
185 4 16615
186 4 16302
186 4 16905
186 4 16519
186 4 16248
186 4 16026
186 4 15821
186 4 15932
186 4 16364
186 4 15927
187 4 16399
187 4 16473
187 4 15858
188 4 16793
188 4 16409
188 4 16101
188 4 16217
188 4 16253
188 4 15987
188 4 16031
188 4 16953
188 4 16724
188 4 16972
188 4 16961
188 4 15811
188 4 16778
188 4 16450
189 4 16435
189 4 15841
189 4 16266
189 4 16206
189 4 16615
189 4 16331
189 4 16017
189 4 15874
189 4 16137
189 4 16718
189 4 16660
190 4 16944
190 4 15938
190 4 16126
190 4 16064
190 4 15873
191 4 16184
191 4 16587
191 4 16628
191 4 16261
191 4 16353
191 4 16238
191 4 16158
191 4 15895
191 4 16555
191 4 15871
191 4 16658
191 4 16222
191 4 16710
192 4 16649
192 4 16741
192 4 15998
192 4 16052
192 4 16724
192 4 16104
192 4 16096
193 4 16858
193 4 16171
193 4 16861
194 4 16516
194 4 16832
194 4 16542
194 4 16339
194 4 16207
194 4 15903
194 4 16031
195 4 16309
195 4 15896
195 4 15805
195 4 16732
195 4 16282
195 4 16856
195 4 16708
195 4 16428
195 4 15961
196 4 16473
196 4 16593
196 4 16687
197 4 16347
197 4 16906
197 4 15881
197 4 16072
197 4 16138
197 4 16321
197 4 16836
198 4 16784
198 4 16633
198 4 16184
198 4 16625
198 4 15891
199 4 16403
199 4 15942
199 4 16942
199 4 15935
199 4 16923
199 4 16645
199 4 16628
199 4 16409
199 4 16772
200 4 16023
200 4 15907
200 4 16492
200 4 16625
201 4 16536
201 4 16277
201 4 16778
201 4 16288
201 4 16746
202 4 16086
202 4 15907
202 4 16208
202 4 15907
202 4 16292
202 4 15977
203 4 16331
203 4 16249
203 4 16604
203 4 16052
203 4 16708
203 4 16493
203 4 16409
203 4 16335
203 4 16182
203 4 16163
203 4 16018
203 4 16704
203 4 16727
204 4 15871
204 4 16474
205 4 16802
205 4 16743
205 4 16282
205 4 16525
205 4 16699
205 4 16557
206 4 15795
206 4 16288
206 4 16462
206 4 16208
206 4 16008
206 4 16449
206 4 16360
206 4 16011
207 4 16278
207 4 15998
207 4 15918
207 4 16119
207 4 16451
207 4 16401
207 4 16765
207 4 16305
207 4 16942
207 4 16484
207 4 16130
208 4 15828
209 4 15942
209 4 15871
209 4 15929
209 4 15799
209 4 16649
209 4 15797
209 4 16354
209 4 16277
210 4 16119
210 4 16628
211 4 16197
211 4 16103
211 4 16408
211 4 16714
211 4 16425
211 4 15991
211 4 15963
211 4 16026
211 4 16624
211 4 16661
212 4 15960
212 4 16795
212 4 16172
212 4 15822
212 4 16158
212 4 16033
212 4 15886
212 4 15819
212 4 16523
212 4 16312
212 4 16638
212 4 16033
212 4 16655
212 4 16876
212 4 16354
213 4 16397
213 4 16322
214 4 16347
214 4 16471
214 4 16619
214 4 16211
214 4 16383
214 4 16722
214 4 15822
214 4 16127
214 4 16248
214 4 16367
214 4 16451
214 4 16424
214 4 16275
214 4 16740
214 4 16709
215 4 16486
215 4 16440
215 4 16315
215 4 16456
215 4 16883
215 4 16388
215 4 16187
216 4 15865
216 4 16298
216 4 16164
216 4 16714
216 4 16010
216 4 16893
216 4 16037
216 4 16513
216 4 16970
216 4 16928
217 4 16616
217 4 16594
217 4 16288
217 4 16713
217 4 16124
217 4 15884
217 4 16027
217 4 16942
217 4 16624
217 4 16166
219 4 16511
220 4 16246
220 4 15970
220 4 15828
220 4 16448
220 4 16499
220 4 16385
221 4 16228
221 4 16926
221 4 16297
221 4 16975
222 4 16614
222 4 16218
222 4 16618
222 4 16626
222 4 16716
222 4 16460
222 4 16917
223 4 16765
223 4 16738
223 4 15991
224 4 16330
224 4 16708
224 4 16453
224 4 16777
225 4 16773
225 4 15809
225 4 16700
225 4 16142
225 4 16179
225 4 16444
225 4 16038
225 4 16683
225 4 16075
225 4 16957
226 4 16711
226 4 16136
226 4 16919
226 4 16039
226 4 16569
226 4 16902
226 4 16824
226 4 16556
226 4 16880
226 4 16575
227 4 16163
227 4 16525
227 4 16965
227 4 16587
227 4 16059
227 4 16510
227 4 16027
227 4 16434
227 4 16360
228 4 16476
229 4 16718
229 4 16435
229 4 16032
229 4 16333
229 4 16435
229 4 15803
229 4 16439
229 4 16121
230 4 16230
230 4 16502
230 4 15860
230 4 15975
230 4 16073
230 4 16535
230 4 16339
230 4 16114
230 4 16382
230 4 16084
231 4 16904
231 4 16904
231 4 15950
231 4 16027
231 4 15881
231 4 16443
231 4 16686
231 4 16279
231 4 15983
232 4 16667
232 4 16390
232 4 15987
232 4 16667
232 4 16011
233 4 16832
233 4 16409
233 4 16597
233 4 16217
233 4 15793
233 4 16190
233 4 16623
233 4 15856
234 4 16256
234 4 15849
234 4 16870
234 4 16477
234 4 16476
234 4 16137
234 4 16967
235 4 16582
235 4 16039
235 4 16036
235 4 15969
235 4 16018
235 4 16202
235 4 16732
235 4 16195
235 4 16379
235 4 16386
236 4 15809
236 4 16864
236 4 16148
236 4 16643
236 4 16223
236 4 15885
236 4 15821
237 4 16119
237 4 16440
237 4 15990
237 4 15965
238 4 16625
238 4 16842
238 4 16125
238 4 16254
238 4 16251
238 4 15843
238 4 16905
239 4 15944
239 4 15952
239 4 16721
240 4 16557
240 4 15978
240 4 16124
240 4 16257
240 4 15871
240 4 16008
240 4 15979
240 4 15937
241 4 16009
241 4 15950
241 4 16961
241 4 16260
241 4 15932
241 4 16032
241 4 16880
242 4 15799
242 4 16464
242 4 16818
243 4 15974
243 4 16653
243 4 16808
243 4 15984
243 4 16108
243 4 16657
243 4 16880
243 4 16860
244 4 16365
244 4 16329
244 4 16244
244 4 16551
244 4 16274
244 4 16017
244 4 15977
244 4 16151
244 4 16440
244 4 16888
244 4 16896
245 4 16685
245 4 15989
245 4 16957
245 4 16043
245 4 16740
245 4 16828
245 4 16272
245 4 16549
246 4 16277
246 4 16079
246 4 16165
246 4 16893
246 4 16585
246 4 16130
246 4 16050
246 4 16628
247 4 16427
247 4 16945
247 4 16477
247 4 16907
247 4 16267
247 4 16075
247 4 15929
248 4 16700
248 4 16682
248 4 16645
248 4 16530
248 4 16048
249 4 15805
249 4 16838
249 4 16690
249 4 16867
249 4 16026
249 4 16358
249 4 16641
249 4 16155
249 4 16779
249 4 16008
250 4 16703
250 4 16647
250 4 16487
250 4 16668
250 4 16472
250 4 16428
250 4 15799
251 4 16932
251 4 16295
251 4 16666
251 4 16801
252 4 16154
252 4 16884
252 4 16817
253 4 15945
253 4 16261
253 4 16328
253 4 16751
253 4 16049
253 4 16623
253 4 15821
254 4 16428
254 4 15938
254 4 16250
254 4 16532
254 4 16539
254 4 16779
254 4 16550
254 4 16828
255 4 16704
255 4 16412
255 4 16109
255 4 16612
255 4 16323
255 4 16040
255 4 16871
256 4 16561
256 4 16335
256 4 16663
256 4 16752
257 4 16239
257 4 16989
257 4 16163
257 4 15862
257 4 16208
258 4 16664
258 4 16944
258 4 16598
258 4 16215
259 4 15843
259 4 15950
259 4 16300
259 4 16375
260 4 16726
260 4 16657
260 4 16531
260 4 16928
260 4 16089
260 4 16595
260 4 16695
261 4 16586
261 4 16350
261 4 16773
261 4 16171
261 4 16597
261 4 15894
261 4 16211
261 4 15838
262 4 16190
262 4 16083
262 4 15985
262 4 16454
262 4 16309
262 4 16057
262 4 16282
262 4 16588
263 4 16455
263 4 16961
263 4 16117
263 4 16427
264 4 16473
264 4 16849
264 4 16719
264 4 16528
264 4 16728
264 4 15998
264 4 15810
265 4 16182
265 4 15844
265 4 16298
265 4 16321
265 4 16259
265 4 16407
265 4 15888
265 4 16617
266 4 16795
266 4 16621
266 4 16703
266 4 16530
267 4 16288
267 4 16884
267 4 15813
267 4 15878
268 4 16807
268 4 16593
268 4 16015
268 4 16933
268 4 16368
268 4 16303
268 4 16746
268 4 16353
268 4 16137
269 4 16245
269 4 16465
269 4 16651
269 4 15815
269 4 16209
269 4 16778
269 4 16046
270 4 16654
270 4 16127
270 4 16282
270 4 16711
270 4 15842
270 4 16117
271 4 16403
271 4 15970
271 4 16859
271 4 16536
271 4 15871
271 4 16391
271 4 16462
271 4 15852
271 4 16114
271 4 16356
271 4 16031
271 4 16481
271 4 15828
272 4 16312
272 4 15800
272 4 16679
272 4 16621
272 4 16118
272 4 15915
272 4 16523
272 4 16543
272 4 16549
272 4 16191
272 4 16921
272 4 16161
272 4 16787
272 4 16142
272 4 16419
272 4 15844
272 4 16230
272 4 16518
273 4 16009
273 4 15960
273 4 15864
273 4 16274
273 4 16939
273 4 16860
273 4 16817
274 4 16507
274 4 16787
274 4 16101
274 4 15828
274 4 16854
274 4 16967
274 4 16849
274 4 16894
274 4 16645
274 4 16603
275 4 16046
275 4 15969
275 4 15917
275 4 16733
275 4 16342
275 4 16514
275 4 16593
275 4 16986
276 4 16411
276 4 16941
276 4 16631
276 4 16728
276 4 16453
276 4 16943
276 4 16729
276 4 16198
276 4 16889
276 4 16581
276 4 15927
277 4 16002
277 4 15856
277 4 16797
277 4 16960
277 4 16884
278 4 16729
278 4 15905
278 4 16537
278 4 16792
278 4 16450
278 4 15871
278 4 16939
278 4 16253
278 4 16671
278 4 16084
279 4 16165
279 4 16962
279 4 16279
281 4 16605
281 4 16662
281 4 16450
282 4 16155
282 4 16186
283 4 16927
283 4 16876
283 4 16238
283 4 16286
283 4 16080
283 4 16902
283 4 16382
283 4 16926
283 4 16884
283 4 15838
284 4 16127
284 4 16488
284 4 16882
284 4 16365
284 4 16282
285 4 16871
285 4 16552
285 4 16946
285 4 16655
285 4 16577
285 4 16040
285 4 16565
286 4 15942
286 4 16214
286 4 16399
286 4 16616
286 4 16322
286 4 16764
286 4 16870
288 4 16894
288 4 16528
288 4 16229
288 4 16800
289 4 16957
289 4 16841
289 4 16772
289 4 16472
289 4 15835
290 4 16876
290 4 16654
290 4 16854
290 4 16342
290 4 16337
290 4 16186
290 4 16677
291 4 16278
291 4 15857
291 4 16334
291 4 15911
291 4 16190
291 4 16799
291 4 16343
291 4 16398
291 4 16811
292 4 16535
292 4 16094
292 4 16043
292 4 16049
292 4 16752
292 4 16654
292 4 16140
292 4 16115
292 4 16380
292 4 16251
292 4 16567
292 4 16243
293 4 16698
293 4 16244
293 4 16970
293 4 16270
293 4 16575
293 4 16113
293 4 16627
293 4 16580
293 4 16442
293 4 15985
294 4 16806
294 4 16649
294 4 16446
294 4 16140
294 4 16913
294 4 16831
294 4 16048
295 4 16649
295 4 16504
295 4 16686
295 4 16235
296 4 15999
296 4 16578
296 4 16400
296 4 15929
296 4 15804
296 4 16225
296 4 16040
296 4 15946
296 4 16409
296 4 16432
296 4 15843
296 4 16402
296 4 16157
297 4 16594
297 4 15856
298 4 16487
298 4 16903
298 4 16054
298 4 16893
299 4 16818
299 4 16582
299 4 16902
299 4 15952
299 4 16340
299 4 15940
299 4 16559
299 4 15830
299 4 15799
300 4 16953
300 4 16277
300 4 16397
300 4 15963
300 4 15815
301 4 15824
301 4 16747
301 4 16818
301 4 16827
301 4 16513
301 4 16647
301 4 15814
301 4 16549
301 4 15840
301 4 16214
301 4 16422
301 4 16807
301 4 15809
302 4 16687
302 4 16733
302 4 16456
302 4 16634
302 4 16924
302 4 16532
302 4 16722
302 4 16521
302 4 16553
302 4 16502
302 4 15831
302 4 15872
303 4 15842
303 4 16826
303 4 15860
303 4 16588
303 4 15933
303 4 15856
303 4 16893
303 4 16496
303 4 16826
303 4 16803
303 4 16691
304 4 16800
304 4 16031
304 4 16651
304 4 16764
304 4 16746
305 4 16782
305 4 16580
305 4 16536
305 4 16871
305 4 16717
305 4 16562
305 4 16582
305 4 15853
305 4 16202
306 4 16853
306 4 16265
306 4 16620
306 4 16186
306 4 15890
306 4 16155
306 4 16543
306 4 16625
306 4 16923
306 4 16727
306 4 16386
308 4 15911
308 4 16722
308 4 16692
308 4 16800
308 4 16303
308 4 16568
308 4 16937
308 4 16353
308 4 16697
308 4 16931
309 4 16682
309 4 16619
309 4 16736
309 4 16741
15671 5 17022
15671 5 17099
15672 5 17016
15672 5 17060
15672 5 17055
15672 5 17085
15672 5 16999
15672 5 17076
15673 5 17089
15673 5 17085
15674 5 17175
15674 5 16999
15674 5 17176
15674 5 17084
15674 5 17108
15674 5 17164
15674 5 17085
15674 5 17076
15674 5 16999
15674 5 17175
15674 5 17108
15674 5 17038
15675 5 17175
15675 5 17151
15675 5 17080
15675 5 17055
15676 5 17055
15676 5 17169
15676 5 17002
15676 5 17173
15676 5 16999
15676 5 17009
15676 5 17063
15676 5 17141
15676 5 17093
15679 5 17060
15679 5 17108
15679 5 17076
15679 5 17112
15679 5 17089
15679 5 17002
15679 5 17039
15679 5 17021
15680 5 17038
15680 5 17143
15680 5 17149
15680 5 17029
15680 5 17063
15680 5 17175
15680 5 17002
15680 5 17175
15680 5 17035
15680 5 17038
15680 5 17142
15680 5 17085
15681 5 17063
15683 5 17169
15683 5 17089
15683 5 17079
15683 5 17055
15684 5 17035
15684 5 17052
15684 5 17140
15685 5 17065
15686 5 17079
15686 5 17002
15686 5 17075
15686 5 17150
15686 5 17038
15686 5 17135
15686 5 17178
15686 5 17063
15686 5 17063
15687 5 17108
15687 5 17035
15687 5 17002
15687 5 17031
15689 5 17146
15689 5 17183
15689 5 16999
15689 5 17055
15692 5 17175
15692 5 17164
15692 5 17175
15692 5 17085
15692 5 17042
15692 5 17109
15693 5 17060
15694 5 17002
15694 5 17035
15695 5 17035
15695 5 17175
15695 5 17005
15695 5 17110
15695 5 17175
15695 5 17063
15695 5 17089
15696 5 17186
15696 5 17052
15696 5 17063
15696 5 17141
15696 5 17132
15696 5 17152
15696 5 17055
15696 5 17110
15696 5 17063
15696 5 17151
15697 5 17101
15697 5 17139
15697 5 17169
15697 5 17055
15697 5 17060
15698 5 17077
15698 5 17110
15698 5 17108
15700 5 17062
15700 5 17055
15700 5 17175
15700 5 17055
15700 5 17091
15700 5 16999
15700 5 17122
15700 5 17169
15700 5 17085
15700 5 17085
15700 5 17110
15701 5 17173
15701 5 17173
15701 5 17173
15701 5 17164
15701 5 17029
15702 5 17140
15703 5 17172
15703 5 17135
15703 5 17071
15703 5 17076
15703 5 17035
15703 5 17173
15703 5 17139
15705 5 17013
15706 5 17055
15706 5 17076
15706 5 17063
15706 5 17131
15706 5 17076
15707 5 17035
15707 5 17056
15707 5 17038
15707 5 17076
15707 5 17038
15707 5 17109
15707 5 17055
15707 5 16999
15707 5 17129
15707 5 17146
15708 5 17002
15708 5 17110
15708 5 16999
15708 5 17108
15708 5 17164
15708 5 17035
15709 5 17161
15709 5 17035
15710 5 16999
15710 5 17035
15710 5 17108
15710 5 17035
15710 5 17147
15710 5 17175
15710 5 16999
15710 5 17063
15710 5 17173
15710 5 17061
15710 5 17175
15711 5 17109
15711 5 17089
15711 5 17035
15711 5 17085
15711 5 17129
15711 5 17183
15711 5 17035
15711 5 17108
15712 5 17084
15712 5 17035
15713 5 17173
15713 5 17184
15713 5 17068
15713 5 17089
15713 5 17108
15713 5 17055
15713 5 17173
15713 5 17038
15713 5 17109
15713 5 17110
15713 5 17164
15713 5 17108
15714 5 17173
15714 5 17074
15714 5 17060
15714 5 17114
15714 5 17055
15714 5 17108
15714 5 17038
15714 5 16991
15714 5 17035
15714 5 17175
15714 5 17164
15714 5 17101
15714 5 17128
15714 5 17076
15714 5 17118
15714 5 17108
15714 5 16999
15714 5 17108
15714 5 17063
15714 5 17108
15714 5 17064
15715 5 17035
15715 5 17085
15715 5 17106
15715 5 17055
15715 5 17128
15716 5 17135
15716 5 17035
15716 5 17109
15716 5 17109
15716 5 17199
15716 5 17162
15717 5 17076
15717 5 17072
15717 5 17131
15717 5 17002
15718 5 17173
15718 5 17164
15718 5 17190
15718 5 17089
15718 5 17126
15718 5 17164
15718 5 17169
15719 5 17126
15719 5 17108
15719 5 17055
15719 5 17035
15719 5 17063
15719 5 17063
15719 5 17184
15719 5 16999
15720 5 17038
15720 5 17099
15720 5 17109
15720 5 17173
15721 5 17055
15721 5 17176
15721 5 17164
15721 5 17061
15721 5 17108
15721 5 17024
15721 5 17110
15721 5 17087
15721 5 17076
15722 5 17081
15722 5 17085
15722 5 17108
15722 5 17035
15722 5 17064
15722 5 17082
15722 5 17035
15722 5 17108
15722 5 17162
15722 5 17151
15722 5 17135
15722 5 17175
15722 5 17173
15722 5 17074
15722 5 17089
15723 5 17108
15723 5 17108
15723 5 17085
15723 5 17124
15723 5 17076
15723 5 17175
15723 5 17135
15724 5 17034
15725 5 17108
15725 5 17055
15725 5 17121
15725 5 17110
15726 5 17035
15726 5 17038
15726 5 17063
15726 5 17108
15726 5 17108
15726 5 17164
15727 5 17175
15727 5 17060
15727 5 17055
15727 5 17129
15727 5 17164
15727 5 16999
15727 5 17085
15727 5 17002
15727 5 17076
15728 5 17038
15728 5 17109
15728 5 17164
15728 5 17160
15728 5 17045
15728 5 17173
15728 5 17002
15728 5 17108
15728 5 17117
15728 5 17026
15728 5 17163
15728 5 17099
15728 5 17164
15728 5 17135
15728 5 17035
15728 5 17175
15730 5 17071
15730 5 17164
15730 5 16999
15731 5 17035
15731 5 17164
15731 5 17175
15731 5 17006
15731 5 17083
15733 5 16999
15733 5 17038
15733 5 17002
15733 5 17175
15733 5 17146
15733 5 17173
15733 5 17108
15734 5 16997
15734 5 17002
15734 5 17108
15735 5 16999
15735 5 17076
15735 5 17085
15735 5 17108
15735 5 17108
15735 5 16997
15735 5 17164
15736 5 17035
15736 5 17133
15736 5 17013
15736 5 17002
15736 5 17076
15736 5 17063
15736 5 17173
15736 5 17055
15736 5 17181
15737 5 17035
15737 5 17164
15737 5 17158
15737 5 17009
15737 5 17076
15737 5 17108
15737 5 17080
15737 5 17108
15737 5 17076
15738 5 17043
15738 5 17109
15738 5 17108
15739 5 17108
15739 5 17038
15739 5 17063
15739 5 17119
15739 5 17003
15739 5 17169
15739 5 17149
15739 5 17045
15739 5 17010
15739 5 17099
15739 5 17055
15739 5 17055
15739 5 17084
15740 5 17066
15740 5 17035
15740 5 17164
15740 5 17076
15740 5 17093
15740 5 17060
15741 5 17038
15741 5 17150
15741 5 17110
15741 5 17063
15741 5 17169
15741 5 17038
15741 5 17173
15741 5 17108
15741 5 17076
15741 5 17074
15742 5 17060
15742 5 17085
15742 5 17076
15742 5 17173
15742 5 17039
15742 5 17060
15742 5 17156
15742 5 17035
15743 5 17039
15743 5 17076
15743 5 17006
15743 5 17108
15743 5 17076
15743 5 17054
15743 5 17060
15743 5 17175
15743 5 17035
15743 5 17104
15743 5 17175
15743 5 17195
15743 5 17108
15743 5 17055
15743 5 17002
15743 5 17060
15744 5 17151
15744 5 17063
15744 5 17146
15744 5 17146
15744 5 17035
15744 5 17035
15744 5 17155
15744 5 17108
15744 5 17055
15744 5 17035
15744 5 17128
15744 5 17171
15744 5 17063
15745 5 17035
15745 5 17076
15745 5 17169
15745 5 17175
15745 5 17109
15745 5 17109
15748 5 17055
15748 5 17108
15748 5 17169
15748 5 17108
15748 5 17038
15748 5 17035
15748 5 17057
15749 5 17164
15749 5 17060
15749 5 17060
15749 5 17183
15750 5 17085
15750 5 17019
15750 5 17060
15750 5 17133
15751 5 17055
15751 5 17075
15751 5 17076
15751 5 17175
15751 5 17177
15752 5 17108
15752 5 17108
15752 5 17073
15752 5 17176
15753 5 17164
15753 5 17135
15753 5 17164
15753 5 17033
15753 5 17076
15753 5 17014
15753 5 17076
15753 5 17055
15753 5 17035
15753 5 17186
15753 5 17164
15753 5 17046
15753 5 17164
15753 5 17149
15753 5 16999
15754 5 17146
15754 5 16992
15754 5 17173
15754 5 17131
15754 5 17076
15754 5 17109
15754 5 17109
15754 5 17035
15754 5 17055
15755 5 17035
15755 5 17137
15755 5 17174
15755 5 17035
15755 5 17009
15755 5 17175
15755 5 17061
15755 5 17074
15756 5 17038
15756 5 17063
15756 5 17055
15756 5 17063
15756 5 17038
15756 5 17063
15757 5 17035
15757 5 17002
15757 5 17038
15757 5 17060
15757 5 17173
15757 5 17013
15757 5 17038
15759 5 17129
15760 5 17063
15760 5 17076
15760 5 17076
15760 5 17038
15760 5 17002
15760 5 16999
15760 5 17063
15760 5 16999
15760 5 17049
15761 5 17018
15761 5 17117
15761 5 17063
15761 5 17164
15761 5 17035
15761 5 17113
15761 5 17109
15761 5 17108
15761 5 17108
15761 5 17108
15761 5 17173
15762 5 16992
15762 5 17002
15762 5 17076
15762 5 17109
15762 5 17133
15762 5 17110
15762 5 17175
15762 5 17017
15762 5 17110
15762 5 17164
15762 5 17080
15762 5 17055
15762 5 17002
15764 5 17175
15764 5 17175
15764 5 17182
15764 5 17110
15764 5 17002
15764 5 17108
15764 5 16999
15764 5 17164
15764 5 17175
15764 5 17135
15764 5 16999
15764 5 17089
15764 5 17074
15764 5 17108
15764 5 17191
15764 5 17035
15765 5 17085
15765 5 17146
15765 5 17038
15765 5 17100
15765 5 17187
15765 5 17089
15765 5 17097
15765 5 17027
15765 5 17183
15765 5 17136
15765 5 16999
15765 5 17076
15766 5 17038
15766 5 17038
15766 5 17089
15766 5 17175
15766 5 17108
15766 5 16999
15766 5 17085
15766 5 17082
15766 5 17175
15767 5 17076
15767 5 17038
15767 5 17038
15767 5 17063
15767 5 17002
15767 5 17144
15767 5 17076
15768 5 17108
15768 5 17175
15768 5 17183
15768 5 17060
15768 5 17055
15768 5 17076
15768 5 17125
15768 5 17027
15768 5 17164
15769 5 17108
15769 5 17035
15769 5 17063
15769 5 17038
15769 5 17173
15770 5 17164
15770 5 17176
15770 5 17076
15772 5 17055
15772 5 17055
15772 5 17189
15772 5 17140
15772 5 17170
15772 5 17069
15772 5 17164
15772 5 17135
15772 5 17175
15773 5 17002
15773 5 17152
15773 5 17060
15773 5 17055
15773 5 17109
15773 5 17076
15774 5 17175
15774 5 17108
15774 5 17076
15774 5 17112
15774 5 17175
15774 5 17059
15774 5 17108
15774 5 17099
15774 5 17076
15774 5 17038
15774 5 17108
15774 5 17169
15775 5 17129
15775 5 17169
15775 5 17076
15775 5 17164
15775 5 17146
15775 5 17150
15775 5 17166
15776 5 17035
15776 5 17175
15776 5 17076
15776 5 17099
15776 5 17146
15776 5 17110
15776 5 17041
15776 5 17151
15776 5 17063
15776 5 17035
15776 5 17020
15777 5 17067
15777 5 17169
15777 5 16999
15777 5 17175
15777 5 17133
15777 5 17060
15777 5 17052
15778 5 17173
15778 5 17175
15779 5 17154
15779 5 17108
15779 5 17108
15779 5 17134
15779 5 17173
15779 5 17055
15779 5 17129
15779 5 17056
15780 5 17055
15780 5 17055
15780 5 16999
15780 5 17038
15780 5 17035
15780 5 17108
15780 5 17167
15780 5 17196
15780 5 17076
15780 5 17108
15781 5 17146
15781 5 17060
15781 5 17175
15781 5 17063
15781 5 17175
15781 5 17028
15781 5 17175
15781 5 17175
15781 5 17082
15782 5 17063
15782 5 17108
15782 5 17108
15782 5 16992
15782 5 16995
15782 5 17035
15782 5 17054
15782 5 17055
15782 5 17164
15783 5 17110
15783 5 17030
15783 5 17076
15783 5 17085
15783 5 17035
15783 5 16990
15783 5 17081
15783 5 17128
15783 5 17099
15783 5 17035
15783 5 17146
15783 5 17051
15783 5 17001
15784 5 17076
15784 5 17109
15785 5 17002
15785 5 17164
15785 5 17175
15785 5 17135
15786 5 17182
15786 5 17055
15786 5 17127
15786 5 17108
15786 5 17035
15786 5 17076
15787 5 17165
15787 5 17061
15787 5 17151
15787 5 17063
15787 5 17035
15787 5 17108
15788 5 17146
15788 5 17129
15788 5 17108
15788 5 17108
15788 5 17063
15788 5 17108
15788 5 17128
15670 6 18774
15671 6 18790
15672 6 18312
15673 6 18307
15674 6 18381
15675 6 18894
15676 6 17614
15677 6 17972
15678 6 17521
15679 6 18566
15680 6 18254
15681 6 18924
15682 6 17588
15683 6 18465
15684 6 17331
15685 6 17391
15686 6 18239
15687 6 18585
15688 6 18881
15689 6 18065
15690 6 17777
15691 6 18290
15692 6 18275
15693 6 18898
15694 6 19192
15695 6 18254
15696 6 18774
15697 6 17694
15698 6 18774
15699 6 18737
15700 6 18223
15701 6 17614
15702 6 17845
15703 6 17948
15704 6 17637
15705 6 18694
15706 6 19036
15707 6 18293
15708 6 17333
15709 6 17439
15710 6 18599
15711 6 17278
15712 6 18939
15713 6 17233
15714 6 17724
15715 6 18058
15716 6 17729
15717 6 17651
15718 6 19074
15719 6 18113
15720 6 18655
15721 6 18881
15722 6 18884
15723 6 19051
15724 6 17607
15725 6 17315
15726 6 18651
15727 6 18669
15728 6 18614
15729 6 17247
15730 6 18183
15731 6 18200
15732 6 19036
15733 6 18508
15734 6 19051
15735 6 17985
15736 6 18273
15737 6 18605
15738 6 17729
15739 6 17617
15740 6 17302
15741 6 18445
15742 6 17210
15743 6 17460
15744 6 17953
15745 6 17467
15746 6 19029
15747 6 18737
15748 6 17719
15749 6 18652
15750 6 18685
15751 6 18281
15752 6 18567
15753 6 19051
15754 6 18924
15755 6 17322
15756 6 17228
15757 6 17414
15758 6 18274
15759 6 17760
15760 6 17398
15761 6 17414
15762 6 19101
15763 6 18641
15764 6 18251
15765 6 17430
15766 6 18273
15767 6 19146
15768 6 17787
15769 6 18641
15770 6 17719
15771 6 18279
15772 6 18983
15773 6 17669
15774 6 17624
15775 6 17868
15776 6 18282
15777 6 18688
15778 6 19051
15779 6 18188
15780 6 18669
15781 6 18019
15782 6 17972
15783 6 18250
15784 6 17254
15785 6 19099
15786 6 19040
15787 6 19102
15788 6 18664
15789 6 18779
