730 50 2289
731 50 2044
732 50 1814
733 50 2117
734 50 2357
735 50 2514
736 50 1837
737 50 2282
738 50 2606
739 50 2255
730 0 2368
731 0 2411
733 0 2685
739 0 2030
730 1 3163
731 1 3026
732 1 3317
732 1 3543
732 1 3692
733 1 3654
734 1 3076
735 1 3626
736 1 3025
737 1 3649
737 1 3575
738 1 3638
739 1 2788
730 2 2630
730 2 2683
730 2 2660
730 2 2715
731 2 2534
731 2 2715
731 2 2610
731 2 2528
731 2 2045
731 2 2667
732 2 2703
733 2 1961
734 2 1868
735 2 2101
735 2 1790
736 2 2204
737 2 2065
738 2 2703
738 2 2088
738 2 2230
739 2 2378
739 2 2291
739 2 2106
739 2 1892
739 2 1817
739 2 2103
739 2 2113
739 2 2141
739 2 2610
739 2 2018
731 3 1908
732 3 2349
735 3 2161
736 3 2096
730 4 3106
731 4 2951
732 4 3589
737 4 3560
738 4 3555
733 5 2328
735 5 2045
736 5 2246
739 5 2418
730 6 3812
732 6 4587
733 6 4233
734 6 4036
735 6 4600
731 7 3580
733 7 3402
736 7 3401
737 7 3067
730 8 2732
731 8 3680
733 8 3654
734 8 2949
736 8 3708
730 9 2553
732 9 2571
735 9 2724
736 9 2521
730 10 2715
731 10 1873
732 10 2317
733 10 2057
737 10 1802
739 10 2193
740 50 2075
741 50 2596
742 50 2680
743 50 2569
744 50 2438
745 50 2255
746 50 2386
747 50 1864
748 50 2277
749 50 2604
740 0 1745
742 0 2689
745 0 2255
746 0 1954
740 1 3508
741 1 3472
742 1 2964
743 1 2815
743 1 3625
743 1 3456
743 1 3083
743 1 3421
743 1 3725
743 1 3271
743 1 2887
743 1 3554
743 1 3257
743 1 3361
743 1 3514
743 1 3452
743 1 3013
743 1 3016
743 1 3244
743 1 3551
743 1 2897
743 1 2772
743 1 3687
743 1 3470
743 1 3376
743 1 2944
743 1 3511
744 1 3562
744 1 3427
744 1 3284
744 1 2983
745 1 3450
746 1 3242
747 1 2902
748 1 3069
749 1 3467
740 2 2651
741 2 2351
742 2 2284
742 2 2342
743 2 1934
744 2 2491
745 2 1811
746 2 2151
746 2 1897
747 2 2479
748 2 1750
749 2 2616
740 3 2331
741 3 1960
742 3 2118
744 3 2599
748 3 2055
749 3 2347
740 4 3379
742 4 3067
744 4 3664
745 4 2909
749 4 3373
740 5 1825
741 5 2158
742 5 1788
746 5 2290
747 5 2531
749 5 2573
741 6 4532
742 6 4374
744 6 4603
746 6 4556
749 6 3830
741 11 2695
742 11 2701
744 11 1876
745 11 1738
747 11 1739
748 11 2006
749 11 1990
740 12 3276
741 12 3165
742 12 3241
743 12 3682
745 12 3286
747 12 3600
748 12 3328
741 13 4675
742 13 4685
743 13 3747
744 13 4239
745 13 3742
746 13 3877
747 13 3907
749 13 4405
750 50 2259
751 50 2018
752 50 2164
753 50 2164
754 50 1991
755 50 2382
756 50 2642
757 50 2522
758 50 2554
759 50 2308
751 0 2285
753 0 2201
755 0 1910
756 0 2621
759 0 2283
750 1 3374
751 1 3349
751 1 3495
751 1 3059
752 1 3116
753 1 3672
754 1 3566
755 1 3675
756 1 2781
757 1 3386
757 1 2975
758 1 3129
758 1 3628
758 1 3577
758 1 2819
758 1 2935
758 1 3593
758 1 3587
759 1 2918
750 2 1846
751 2 2573
752 2 2612
753 2 2679
754 2 2415
754 2 1784
755 2 2055
756 2 2188
757 2 1802
757 2 2487
758 2 1764
758 2 2678
758 2 2481
759 2 2641
751 3 2449
754 3 2186
755 3 1872
756 3 2156
757 3 1861
758 3 2077
750 4 3583
751 4 2878
754 4 2797
756 4 2882
757 4 3706
758 4 3337
759 4 3262
751 5 1957
753 5 2435
759 5 1848
754 6 3910
757 6 4548
758 6 4106
759 6 4608
750 14 3506
751 14 3489
753 14 2942
756 14 3321
757 14 3057
759 14 2947
752 11 2706
756 11 2273
750 15 2213
751 15 2065
753 15 2453
757 15 2484
759 15 1773
760 50 2264
761 50 2592
762 50 2235
763 50 2283
764 50 2256
765 50 2651
766 50 2254
767 50 1759
768 50 2085
769 50 2505
760 0 1996
762 0 2165
763 0 2440
765 0 2107
768 0 2627
769 0 1739
760 1 2867
761 1 3025
762 1 2807
763 1 3627
764 1 2913
764 1 3247
765 1 3371
766 1 3290
767 1 3015
767 1 3500
768 1 2807
769 1 3546
769 1 3138
760 2 2049
761 2 1918
762 2 1939
762 2 2446
762 2 1877
763 2 2648
764 2 1870
765 2 1829
766 2 2477
767 2 2476
768 2 2262
769 2 1830
760 3 2134
762 3 2553
764 3 2360
765 3 1947
766 3 2292
768 3 2115
769 3 2472
761 4 2835
765 4 2982
766 4 3706
767 4 3452
768 4 2928
760 5 2117
762 5 2709
763 5 1871
768 5 2308
760 6 4224
761 6 4071
762 6 4404
763 6 3802
766 6 3737
768 6 4063
760 16 3277
761 16 3141
762 16 3324
763 16 3611
764 16 3175
765 16 3054
766 16 3528
767 16 2929
768 16 3294
769 16 3079
760 17 2784
763 17 3059
764 17 2983
766 17 3089
767 17 2807
768 17 3593
769 17 3447
762 18 3468
763 18 2972
769 18 3202
770 50 2208
771 50 1856
772 50 2037
773 50 1977
774 50 2194
775 50 2389
776 50 1895
777 50 1962
778 50 2143
779 50 1871
771 0 2342
772 0 2613
773 0 2612
777 0 2277
778 0 2287
779 0 2471
770 1 3159
771 1 3221
772 1 2865
772 1 3415
773 1 3302
774 1 2873
774 1 2991
775 1 2952
775 1 3420
776 1 3186
776 1 2859
776 1 3486
776 1 3048
776 1 3343
777 1 3096
778 1 2915
778 1 3576
779 1 3468
770 2 2000
771 2 2667
771 2 2378
771 2 2175
771 2 2384
771 2 1928
771 2 1829
771 2 2256
772 2 2213
773 2 2593
773 2 2184
773 2 2698
773 2 1979
774 2 2533
775 2 1746
776 2 2338
776 2 1937
777 2 2263
778 2 2287
778 2 1820
778 2 1760
779 2 1851
771 3 2174
772 3 2648
773 3 2052
774 3 2389
776 3 2107
770 4 2802
771 4 3672
772 4 3443
773 4 3503
775 4 3482
776 4 3428
777 4 3650
778 4 3454
779 4 3285
775 5 2609
776 5 2541
777 5 2595
778 5 2617
779 5 2077
771 6 3865
772 6 4397
774 6 4407
775 6 3946
771 19 2338
775 19 2225
778 19 2181
774 20 3767
775 20 4498
776 20 4240
779 20 4500
775 21 3082
776 21 2742
777 21 2766
778 21 2899
770 22 3546
773 22 3693
776 22 2857
777 22 3436
778 22 3406
779 22 2746
770 23 3092
771 23 3273
773 23 3522
774 23 3182
775 23 3542
776 23 3571
777 23 3316
778 23 3184
770 24 2878
772 24 2874
773 24 3205
774 24 3568
778 24 3330
779 24 3349
771 25 2766
772 25 2821
774 25 2988
775 25 3310
776 25 3329
777 25 3380
778 25 2993
779 25 2790
780 50 2233
781 50 2679
782 50 2512
783 50 2206
784 50 2151
785 50 2309
786 50 2125
787 50 2170
788 50 2653
789 50 2142
781 0 1834
782 0 2102
787 0 2020
780 1 2761
780 1 3093
781 1 3031
782 1 3521
783 1 3618
784 1 3274
785 1 2752
785 1 2946
786 1 3376
787 1 3229
788 1 2837
789 1 2900
780 2 2655
781 2 2465
782 2 2235
782 2 2398
783 2 2296
784 2 2676
785 2 2650
786 2 2458
787 2 2078
788 2 1978
789 2 2620
780 3 2423
782 3 2133
784 3 2079
785 3 2520
789 3 1878
782 4 3060
783 4 3037
784 4 3074
780 5 1925
782 5 2113
784 5 2191
786 5 2616
787 5 1821
782 6 4236
785 6 3903
786 6 4434
787 6 4531
788 6 4075
789 6 3837
790 26 2175
791 26 1879
792 26 2477
793 26 1776
794 26 1850
795 26 2087
796 26 2114
797 26 2192
798 26 1983
790 0 2673
791 0 2409
792 0 1902
793 0 1942
794 0 1916
795 0 1949
796 0 1874
797 0 1992
798 0 1810
791 27 3211
792 27 3222
793 27 3155
794 27 3534
796 27 3420
797 27 3120
798 27 2926
792 28 2277
794 28 2593
795 28 1967
797 28 2520
798 28 2030
790 29 2403
791 29 2606
793 29 1849
796 29 1845
790 30 2904
791 30 3106
794 30 2775
791 31 3724
794 31 3177
796 31 3417
797 31 3484
790 32 3606
792 32 2865
793 32 2920
794 32 2870
796 32 2920
792 33 2197
795 33 2337
796 33 2068
798 33 2038
799 34 3231
800 34 3286
801 34 2927
802 34 3692
803 34 3575
804 34 3226
805 34 3158
806 34 3525
807 34 3269
808 34 2762
809 34 2791
810 34 2753
811 34 3645
812 34 3403
813 34 3433
814 34 2762
815 34 3401
816 34 3114
817 34 3190
818 34 3377
819 34 3455
820 34 3427
821 34 3412
822 34 3194
823 34 3304
824 34 3673
825 34 2760
826 34 3713
827 34 3267
828 34 3222
829 34 2963
830 34 3299
831 34 3707
832 34 2849
833 34 3286
834 34 3410
835 34 3003
836 34 3416
837 34 2840
838 34 2956
839 34 3304
840 34 3214
841 34 2779
842 34 3488
843 34 3693
844 34 3123
845 34 3170
846 34 3392
847 34 2889
848 34 3373
849 34 3095
850 34 3259
851 34 2936
852 34 2879
853 34 3498
854 34 3516
855 34 3596
856 34 3500
857 34 3377
858 34 3442
859 34 3585
860 34 2836
861 34 3233
862 34 2810
863 34 3085
864 34 2886
865 34 3530
866 34 2967
867 34 3225
868 34 3691
869 34 3250
870 34 2956
871 34 3491
872 34 3572
873 34 3460
874 34 3061
875 34 3403
876 34 3718
877 34 3722
878 34 2944
879 34 3669
880 34 2940
881 34 3061
882 34 3687
883 34 3455
884 34 2874
885 34 3200
886 34 3682
887 34 3633
888 34 3562
889 34 2895
890 34 3278
891 34 3185
892 34 2760
893 34 3504
894 34 3181
895 34 3305
896 34 2769
897 34 3436
898 34 3715
899 34 2867
900 34 3376
901 34 3705
902 34 3012
903 34 3364
904 34 3035
905 34 3378
906 34 2939
907 34 2928
908 34 3462
909 34 2949
910 34 3546
911 34 3012
912 34 3049
913 34 3401
914 34 3168
915 34 3223
916 34 2903
917 34 3707
918 34 2903
919 34 3361
920 34 3291
921 34 2956
922 34 3496
923 34 3293
924 34 2791
925 34 2937
926 34 3442
927 34 2749
928 34 3346
929 34 3296
930 34 3398
931 34 3231
932 34 3042
933 34 2913
934 34 3563
935 34 3437
936 34 2936
937 34 2837
938 34 3393
939 34 2757
940 34 2826
941 34 3014
942 34 2942
943 34 2777
944 34 3603
945 34 3110
946 34 3619
947 34 2896
948 34 3055
949 34 3595
950 34 3380
951 34 3607
952 34 2937
953 34 3339
954 34 3409
955 34 3521
956 34 3524
957 34 2953
958 34 3595
959 34 3083
960 34 2979
961 34 3364
962 34 2909
963 34 2938
964 34 3018
965 34 2952
966 34 2890
967 34 3625
968 34 2904
944 35 2740
815 35 2765
821 35 2768
938 35 2780
925 35 2786
898 35 2786
939 35 2787
908 35 2797
849 35 2799
830 35 2799
845 35 2803
940 35 2812
964 35 2814
967 35 2816
882 35 2819
831 35 2819
951 35 2820
837 35 2834
877 35 2843
953 35 2845
871 35 2852
861 35 2853
923 35 2854
873 35 2862
904 35 2863
960 35 2872
933 35 2875
911 35 2902
895 35 2902
824 35 2903
935 35 2909
825 35 2910
822 35 2920
899 35 2920
892 35 2920
915 35 2927
828 35 2962
909 35 2964
897 35 2970
866 35 2974
802 35 2975
946 35 2987
836 35 2987
810 35 3000
812 35 3000
959 35 3000
811 35 3006
949 35 3008
890 35 3010
941 35 3016
894 35 3039
816 35 3049
820 35 3049
930 35 3050
968 35 3051
927 35 3057
956 35 3065
879 35 3066
799 35 3080
902 35 3084
856 35 3090
851 35 3095
928 35 3096
850 35 3100
954 35 3104
800 35 3105
888 35 3106
843 35 3109
947 35 3109
844 35 3124
918 35 3129
853 35 3136
833 35 3146
832 35 3146
817 35 3151
809 35 3156
905 35 3160
912 35 3161
846 35 3162
913 35 3184
872 35 3186
900 35 3188
852 35 3188
914 35 3192
950 35 3197
847 35 3206
864 35 3219
965 35 3233
839 35 3239
962 35 3240
958 35 3242
862 35 3252
881 35 3257
903 35 3273
842 35 3277
807 35 3280
901 35 3281
963 35 3287
955 35 3287
937 35 3294
921 35 3311
868 35 3328
814 35 3332
870 35 3334
876 35 3344
919 35 3346
806 35 3356
884 35 3357
859 35 3357
916 35 3365
891 35 3393
840 35 3394
827 35 3411
874 35 3416
924 35 3416
848 35 3418
808 35 3419
857 35 3436
906 35 3451
818 35 3451
945 35 3456
875 35 3459
819 35 3460
829 35 3462
863 35 3465
948 35 3479
896 35 3480
931 35 3481
880 35 3485
813 35 3485
801 35 3486
804 35 3486
885 35 3492
823 35 3504
855 35 3506
910 35 3516
934 35 3541
887 35 3548
961 35 3548
932 35 3550
942 35 3562
917 35 3564
867 35 3569
886 35 3575
966 35 3582
929 35 3595
936 35 3596
922 35 3606
865 35 3607
878 35 3612
889 35 3624
860 35 3631
893 35 3642
838 35 3644
834 35 3653
826 35 3664
957 35 3676
926 35 3683
883 35 3687
803 35 3703
952 35 3723
799 36 4272
800 36 4656
804 36 3802
805 36 4390
807 36 3776
809 36 4152
810 36 3921
811 36 4206
813 36 3744
814 36 4083
815 36 3995
816 36 3935
817 36 4138
819 36 4684
820 36 4712
821 36 4151
823 36 4652
824 36 3795
825 36 4143
827 36 3968
829 36 3968
830 36 4605
832 36 4286
834 36 4652
836 36 4525
838 36 4202
839 36 4547
841 36 3937
844 36 4158
851 36 4174
856 36 4514
859 36 4471
864 36 4631
865 36 3740
866 36 4070
867 36 4712
868 36 3971
869 36 4156
871 36 3816
872 36 3988
874 36 4718
877 36 4496
878 36 4612
879 36 3947
882 36 3963
884 36 4564
887 36 4217
890 36 4667
891 36 4579
892 36 4269
896 36 4005
898 36 4389
899 36 4640
900 36 4553
901 36 4671
902 36 4090
905 36 4039
907 36 4475
908 36 4454
909 36 4389
912 36 3984
914 36 4453
916 36 4297
917 36 3741
919 36 4206
920 36 3750
921 36 3797
922 36 4670
925 36 4370
929 36 4659
932 36 4154
933 36 4231
936 36 4544
937 36 4087
938 36 3880
939 36 4514
944 36 4405
946 36 4644
948 36 4440
949 36 3913
950 36 4148
951 36 4327
952 36 4626
959 36 3779
960 36 4228
963 36 4363
964 36 3819
965 36 4302
968 36 4585
799 37 4567
800 37 3994
801 37 4436
804 37 4094
805 37 4697
807 37 4608
808 37 4710
810 37 4499
812 37 4022
814 37 4034
815 37 3866
816 37 4501
820 37 4550
821 37 4634
823 37 4550
825 37 4055
826 37 4162
828 37 3841
831 37 4355
832 37 4301
834 37 3759
835 37 4007
836 37 4465
837 37 4571
838 37 4566
840 37 4621
843 37 4107
845 37 3874
847 37 4333
848 37 4091
851 37 4064
852 37 3756
853 37 4273
854 37 4082
855 37 3905
856 37 4318
857 37 4407
858 37 4197
859 37 3972
860 37 4170
864 37 4204
866 37 3746
867 37 3761
872 37 4461
873 37 4019
874 37 4046
875 37 3919
879 37 4519
880 37 4722
887 37 4377
888 37 4350
889 37 4440
894 37 3929
895 37 4470
896 37 4162
906 37 3773
907 37 4070
909 37 4725
910 37 4292
914 37 4283
915 37 4055
916 37 4368
917 37 4524
922 37 4305
926 37 4699
929 37 4440
933 37 4126
934 37 4246
937 37 4440
941 37 4589
943 37 4462
945 37 4442
947 37 4592
948 37 4199
951 37 4323
952 37 3835
953 37 3736
955 37 4153
956 37 4098
957 37 4685
958 37 4003
963 37 3899
964 37 4722
965 37 4307
968 37 4541
799 38 4571
800 38 4564
804 38 4506
805 38 4574
806 38 4023
808 38 4253
811 38 4321
812 38 3783
815 38 4151
817 38 4250
818 38 4601
821 38 4063
828 38 4285
829 38 4037
830 38 3957
831 38 3817
832 38 4386
836 38 4030
839 38 4030
840 38 4312
842 38 4168
843 38 3875
846 38 4297
847 38 3908
849 38 4569
850 38 4098
851 38 4477
854 38 3983
856 38 4248
858 38 4698
859 38 4367
860 38 4432
861 38 4161
863 38 3943
865 38 3786
869 38 4675
872 38 4275
876 38 3992
877 38 3808
878 38 3904
879 38 4565
882 38 3846
883 38 4447
886 38 4182
888 38 4010
889 38 4054
891 38 4347
893 38 4274
894 38 4168
896 38 4476
898 38 4123
899 38 4644
903 38 4110
904 38 3971
905 38 3967
906 38 3751
907 38 4096
908 38 4501
909 38 3922
910 38 4281
912 38 3978
913 38 4301
915 38 3835
917 38 4141
918 38 4323
920 38 4194
922 38 4415
923 38 4037
925 38 4676
926 38 4063
931 38 4500
932 38 3969
933 38 3950
934 38 4167
939 38 4398
940 38 4550
943 38 4052
944 38 4538
945 38 4303
946 38 4702
949 38 3737
951 38 4319
953 38 4614
954 38 4439
955 38 3949
957 38 3775
959 38 4569
961 38 4032
962 38 4031
963 38 4281
968 38 4676
800 39 3718
801 39 3702
803 39 3122
804 39 3390
806 39 3291
809 39 3032
810 39 3299
812 39 3682
813 39 3459
814 39 3020
818 39 3371
819 39 3481
822 39 3620
823 39 3683
825 39 3563
827 39 3200
830 39 3579
831 39 2752
832 39 3691
833 39 3599
835 39 3271
838 39 3184
839 39 2836
841 39 3591
843 39 2958
844 39 2815
845 39 3211
848 39 2938
849 39 3576
851 39 3316
853 39 3512
854 39 2798
856 39 3020
858 39 3265
859 39 3487
860 39 3135
864 39 3183
866 39 2771
867 39 3395
872 39 3587
874 39 2745
875 39 3184
878 39 3290
881 39 3250
884 39 3105
888 39 2924
891 39 2818
892 39 3299
893 39 3569
894 39 2779
895 39 3718
898 39 3451
900 39 2916
901 39 3022
902 39 2775
904 39 3001
907 39 2977
908 39 2991
916 39 2738
918 39 3078
919 39 3369
920 39 3215
925 39 3029
926 39 2902
927 39 3421
928 39 3043
931 39 3629
934 39 3250
937 39 2753
939 39 2806
942 39 3206
945 39 2803
949 39 2773
950 39 3128
951 39 2806
952 39 2787
953 39 3605
954 39 2824
961 39 3662
964 39 3632
965 39 2787
967 39 2836
1063 35 2738
1025 35 2740
1023 35 2776
1002 35 2779
970 35 2781
1182 35 2783
1075 35 2787
1218 35 2815
1104 35 2820
1054 35 2820
1206 35 2821
1077 35 2826
1072 35 2826
1210 35 2829
991 35 2832
983 35 2853
1128 35 2854
1137 35 2855
990 35 2856
1102 35 2861
1006 35 2862
1078 35 2865
1076 35 2866
1145 35 2870
1016 35 2876
1085 35 2878
1049 35 2885
984 35 2890
1095 35 2901
1216 35 2903
1056 35 2906
1021 35 2910
1211 35 2916
1165 35 2916
1042 35 2918
1185 35 2919
1170 35 2919
987 35 2919
1187 35 2921
1153 35 2928
1152 35 2929
1093 35 2932
1118 35 2955
1045 35 2955
1039 35 2965
1092 35 2985
1183 35 3005
1202 35 3007
1044 35 3023
1138 35 3024
1038 35 3037
1237 35 3039
1234 35 3040
1086 35 3045
1003 35 3045
1204 35 3046
974 35 3054
1144 35 3070
1151 35 3074
1174 35 3075
1059 35 3078
1113 35 3101
1160 35 3101
993 35 3117
1214 35 3120
1235 35 3121
985 35 3131
1181 35 3134
1178 35 3142
1037 35 3143
1043 35 3165
1131 35 3165
1009 35 3175
1195 35 3178
1147 35 3181
1133 35 3182
1192 35 3182
1129 35 3182
1062 35 3187
999 35 3187
1238 35 3187
1146 35 3192
1227 35 3198
1122 35 3198
1123 35 3211
1014 35 3223
1109 35 3225
1130 35 3229
1168 35 3230
1106 35 3232
1089 35 3239
1245 35 3242
973 35 3242
972 35 3255
980 35 3256
1177 35 3271
1148 35 3274
1242 35 3275
1080 35 3278
1139 35 3291
996 35 3291
1159 35 3294
1011 35 3295
1156 35 3301
1244 35 3310
1067 35 3313
1228 35 3316
998 35 3318
1000 35 3321
1124 35 3322
1031 35 3323
986 35 3332
1084 35 3332
1096 35 3332
1179 35 3343
1198 35 3349
1110 35 3366
1046 35 3390
981 35 3391
1205 35 3392
1041 35 3395
1150 35 3413
1199 35 3439
1180 35 3445
1155 35 3445
1213 35 3448
1193 35 3448
1219 35 3455
988 35 3463
1064 35 3472
1103 35 3473
1055 35 3478
1001 35 3480
989 35 3499
1197 35 3501
1034 35 3507
1050 35 3523
977 35 3532
1223 35 3548
1221 35 3548
1099 35 3549
1125 35 3561
1088 35 3567
1173 35 3567
1200 35 3569
1246 35 3570
1073 35 3571
979 35 3573
1058 35 3594
1190 35 3620
1143 35 3620
1154 35 3623
992 35 3632
1127 35 3633
1229 35 3648
1134 35 3658
1105 35 3659
1142 35 3659
1208 35 3659
1061 35 3665
1022 35 3666
1074 35 3666
1239 35 3672
1047 35 3677
1029 35 3689
1188 35 3689
1027 35 3695
1157 35 3695
1005 35 3713
1220 35 3715
1162 35 3720
972 40 4308
974 40 4302
975 40 4604
977 40 4564
978 40 4045
979 40 4321
983 40 3865
986 40 3824
987 40 4644
988 40 3853
990 40 4224
991 40 3890
993 40 4636
994 40 4286
995 40 4029
996 40 4266
1000 40 4040
1001 40 4251
1006 40 4726
1008 40 4385
1009 40 4496
1010 40 3810
1012 40 3756
1016 40 4395
1018 40 4242
1019 40 4661
1022 40 4508
1023 40 4439
1025 40 3982
1026 40 4504
1028 40 3888
1030 40 4426
1033 40 3991
1034 40 3791
1035 40 3776
1036 40 4040
1038 40 4370
1039 40 3810
1040 40 3853
1043 40 3861
1044 40 4125
1045 40 4313
1048 40 3914
1052 40 4189
1053 40 4004
1056 40 4346
1057 40 4396
1062 40 4341
1066 40 3736
1068 40 3731
1070 40 3906
1072 40 4087
1076 40 4558
1079 40 4121
1080 40 3901
1081 40 3834
1084 40 3857
1088 40 4016
1089 40 3988
1090 40 4004
1093 40 3970
1096 40 4385
1098 40 3784
1100 40 3877
1102 40 3779
1106 40 4296
1109 40 3888
1111 40 3831
1113 40 4459
1114 40 4118
1117 40 3815
1119 40 4320
1120 40 3846
1121 40 4164
1122 40 4604
1123 40 3991
1124 40 4686
1125 40 3791
1127 40 4648
1128 40 4023
1132 40 4716
1134 40 4563
1137 40 4402
1138 40 4081
1140 40 4669
1141 40 4184
1143 40 4535
1144 40 4685
1148 40 4050
1150 40 4339
1151 40 4367
1153 40 3849
1154 40 4079
1156 40 4029
1157 40 4606
1158 40 4489
1161 40 4291
1164 40 3801
1165 40 3892
1168 40 3736
1169 40 3956
1170 40 4438
1172 40 4496
1173 40 4164
1176 40 4213
1179 40 4445
1180 40 4307
1181 40 4169
1183 40 4584
1185 40 4527
1187 40 3813
1188 40 3774
1189 40 4354
1190 40 3795
1191 40 4146
1192 40 4661
1193 40 4665
1194 40 3804
1195 40 4119
1196 40 3892
1197 40 4329
1200 40 4612
1202 40 4306
1203 40 4072
1204 40 4337
1205 40 4166
1206 40 4016
1209 40 4454
1210 40 4515
1214 40 4601
1217 40 4661
1220 40 4106
1222 40 4607
1226 40 4087
1227 40 3759
1228 40 3965
1230 40 3870
1231 40 3928
1234 40 4077
1235 40 3912
1237 40 4207
1238 40 3862
1239 40 4021
1241 40 3988
1244 40 4255
1245 40 3924
1248 40 4713
1249 41 1956
1250 41 1826
1251 41 2451
1252 41 2686
1253 41 2353
1254 41 2512
1255 41 2483
1256 41 2716
1257 41 2570
1258 41 2515
1249 42 3284
1250 42 3337
1251 42 3140
1252 42 2877
1253 42 3544
1254 42 3007
1255 42 3552
1256 42 2886
1257 42 2950
1258 42 2773
1456 43 2734
1486 43 2739
1264 43 2747
1293 43 2749
1363 43 2754
1343 43 2757
1439 43 2761
1319 43 2761
1334 43 2776
1328 43 2777
1518 43 2780
1367 43 2781
1532 43 2783
1528 43 2796
1395 43 2801
1259 43 2803
1444 43 2811
1521 43 2823
1429 43 2824
1463 43 2834
1500 43 2834
1407 43 2835
1422 43 2839
1514 43 2843
1427 43 2847
1454 43 2854
1384 43 2865
1304 43 2873
1470 43 2876
1435 43 2892
1535 43 2895
1536 43 2908
1457 43 2909
1341 43 2917
1394 43 2923
1321 43 2952
1526 43 2954
1533 43 2957
1413 43 2959
1432 43 2975
1299 43 2976
1359 43 2991
1493 43 3006
1283 43 3006
1440 43 3011
1285 43 3016
1509 43 3017
1411 43 3020
1271 43 3021
1301 43 3023
1417 43 3027
1396 43 3031
1351 43 3032
1400 43 3034
1309 43 3046
1399 43 3046
1517 43 3048
1336 43 3049
1348 43 3058
1324 43 3061
1404 43 3065
1337 43 3071
1383 43 3071
1273 43 3074
1327 43 3078
1451 43 3088
1303 43 3088
1381 43 3092
1297 43 3101
1267 43 3109
1380 43 3136
1423 43 3159
1310 43 3161
1426 43 3161
1388 43 3162
1276 43 3162
1512 43 3166
1408 43 3166
1374 43 3169
1499 43 3170
1272 43 3175
1497 43 3189
1279 43 3192
1524 43 3192
1277 43 3198
1477 43 3201
1487 43 3202
1520 43 3203
1379 43 3205
1473 43 3206
1475 43 3210
1428 43 3210
1389 43 3210
1377 43 3234
1398 43 3240
1356 43 3243
1442 43 3245
1455 43 3250
1480 43 3256
1488 43 3261
1292 43 3264
1438 43 3270
1468 43 3279
1507 43 3281
1491 43 3287
1329 43 3300
1412 43 3301
1313 43 3305
1481 43 3310
1504 43 3311
1430 43 3312
1331 43 3324
1390 43 3337
1505 43 3346
1320 43 3348
1445 43 3348
1495 43 3358
1280 43 3365
1287 43 3385
1342 43 3404
1340 43 3408
1416 43 3411
1371 43 3415
1344 43 3416
1527 43 3420
1420 43 3429
1460 43 3433
1482 43 3442
1401 43 3448
1323 43 3467
1294 43 3472
1503 43 3477
1311 43 3484
1368 43 3492
1448 43 3496
1494 43 3503
1375 43 3514
1284 43 3533
1459 43 3535
1358 43 3535
1296 43 3544
1397 43 3545
1478 43 3552
1282 43 3556
1415 43 3556
1393 43 3568
1275 43 3575
1350 43 3577
1409 43 3594
1387 43 3594
1306 43 3600
1511 43 3600
1278 43 3602
1300 43 3603
1382 43 3603
1370 43 3606
1458 43 3606
1281 43 3607
1274 43 3619
1386 43 3621
1316 43 3627
1447 43 3629
1369 43 3637
1474 43 3638
1403 43 3641
1290 43 3645
1322 43 3650
1490 43 3652
1262 43 3657
1405 43 3658
1462 43 3659
1338 43 3665
1502 43 3676
1453 43 3676
1425 43 3682
1385 43 3684
1352 43 3704
1349 43 3704
1312 43 3705
1508 43 3711
1347 43 3711
1288 43 3715
1414 43 3717
1498 43 3717
1318 43 3723
1325 43 3723
1265 50 1841
1267 50 2142
1268 50 2272
1269 50 1796
1270 50 2452
1272 50 2627
1274 50 2684
1275 50 2612
1277 50 1822
1279 50 2526
1280 50 2033
1281 50 1762
1282 50 2388
1284 50 1754
1287 50 2232
1288 50 2350
1289 50 1827
1290 50 1910
1291 50 2606
1293 50 2011
1294 50 2397
1296 50 1835
1299 50 1760
1301 50 2663
1302 50 1952
1303 50 1791
1304 50 2151
1305 50 2302
1306 50 2534
1308 50 2694
1311 50 1730
1312 50 2011
1313 50 2119
1317 50 2235
1318 50 2001
1324 50 2115
1325 50 1861
1328 50 1787
1336 50 2400
1338 50 1792
1339 50 2185
1341 50 1829
1346 50 2356
1352 50 2363
1357 50 2199
1362 50 2210
1365 50 1960
1366 50 2478
1367 50 1729
1368 50 1819
1369 50 2482
1373 50 2179
1377 50 1984
1379 50 2432
1380 50 2084
1383 50 2358
1385 50 2605
1389 50 1870
1394 50 2618
1395 50 1845
1397 50 1891
1399 50 2363
1400 50 1847
1404 50 2058
1405 50 2149
1406 50 2423
1407 50 2156
1415 50 2329
1417 50 2055
1418 50 2493
1419 50 2239
1421 50 2180
1423 50 2314
1427 50 2342
1431 50 2397
1433 50 2350
1434 50 1960
1437 50 2711
1438 50 2320
1439 50 2156
1443 50 2430
1446 50 2173
1449 50 2173
1454 50 2193
1456 50 2453
1457 50 2489
1458 50 1871
1461 50 1960
1464 50 2607
1466 50 2266
1471 50 1732
1472 50 2631
1475 50 2587
1476 50 2052
1477 50 1984
1478 50 1895
1479 50 1868
1480 50 2039
1481 50 2367
1483 50 2320
1485 50 2224
1489 50 1791
1490 50 2601
1491 50 2278
1492 50 2398
1494 50 1880
1495 50 2405
1496 50 1789
1497 50 2041
1498 50 2432
1499 50 1972
1501 50 2080
1502 50 2637
1504 50 1848
1509 50 2645
1513 50 1985
1515 50 2235
1516 50 2020
1517 50 2728
1518 50 1817
1520 50 2229
1521 50 2042
1522 50 2413
1523 50 2088
1525 50 2178
1526 50 2209
1528 50 2088
1530 50 1872
1534 50 2715
1262 3 1768
1264 3 1901
1265 3 2145
1268 3 2635
1271 3 2223
1274 3 2676
1275 3 2335
1276 3 1792
1277 3 2116
1278 3 2558
1279 3 1799
1280 3 2165
1281 3 1763
1282 3 2673
1284 3 2620
1285 3 2555
1287 3 2567
1289 3 2620
1291 3 2637
1293 3 2716
1294 3 2168
1297 3 2231
1299 3 2228
1301 3 1782
1303 3 2044
1304 3 2011
1305 3 1908
1306 3 2546
1307 3 1749
1309 3 1795
1310 3 2373
1312 3 2253
1313 3 1734
1314 3 1912
1315 3 2668
1319 3 1764
1320 3 2205
1321 3 2476
1323 3 2242
1324 3 2220
1325 3 2042
1327 3 1834
1328 3 1869
1330 3 2460
1331 3 2697
1332 3 1831
1333 3 2297
1334 3 1743
1335 3 2574
1336 3 2095
1337 3 2487
1338 3 2237
1339 3 2123
1340 3 1976
1341 3 2421
1342 3 1791
1343 3 2633
1344 3 2096
1347 3 2051
1348 3 2121
1350 3 1761
1352 3 2639
1354 3 1767
1356 3 1970
1358 3 1999
1359 3 2187
1360 3 2337
1362 3 2194
1364 3 2036
1368 3 2174
1370 3 2615
1372 3 2567
1373 3 1979
1374 3 2134
1375 3 1803
1376 3 2396
1377 3 2589
1378 3 2508
1379 3 2174
1381 3 2293
1382 3 2402
1383 3 2455
1384 3 2470
1392 3 2548
1395 3 2592
1396 3 2602
1400 3 1930
1401 3 2298
1402 3 2202
1408 3 2435
1410 3 2164
1414 3 1793
1420 3 2382
1421 3 2574
1422 3 2025
1423 3 2473
1426 3 2258
1427 3 2538
1429 3 2366
1430 3 2345
1436 3 1915
1437 3 2457
1438 3 2179
1440 3 1957
1441 3 2501
1442 3 1937
1443 3 2587
1444 3 2422
1445 3 2136
1446 3 1846
1447 3 2279
1449 3 2242
1453 3 1874
1455 3 1827
1456 3 2679
1459 3 1998
1468 3 2724
1469 3 2727
1476 3 2646
1477 3 2693
1479 3 2713
1481 3 2157
1483 3 1769
1485 3 2139
1487 3 2179
1488 3 2401
1489 3 2518
1491 3 2259
1492 3 1855
1497 3 2308
1501 3 1988
1502 3 1980
1508 3 1843
1512 3 2724
1514 3 2654
1515 3 2153
1519 3 2461
1521 3 2262
1523 3 2445
1524 3 2405
1528 3 2646
1533 3 2629
1534 3 1964
1260 44 2922
1262 44 2937
1263 44 3293
1264 44 3687
1267 44 3100
1270 44 3657
1271 44 2875
1272 44 3103
1273 44 3087
1275 44 3704
1277 44 3288
1278 44 3331
1280 44 3635
1281 44 3639
1282 44 3679
1284 44 2966
1285 44 3337
1287 44 3314
1289 44 3196
1290 44 3234
1291 44 2773
1292 44 3058
1293 44 3142
1297 44 3088
1305 44 3565
1307 44 2858
1308 44 3167
1310 44 3657
1311 44 3698
1312 44 2754
1314 44 3000
1315 44 3020
1320 44 3345
1321 44 3362
1323 44 3276
1324 44 3092
1325 44 3008
1330 44 2967
1331 44 3151
1336 44 2829
1338 44 3030
1339 44 2769
1340 44 2887
1342 44 3510
1344 44 3065
1350 44 3410
1351 44 3155
1354 44 2733
1355 44 3284
1356 44 3157
1358 44 3166
1360 44 3606
1363 44 3124
1364 44 3574
1367 44 3698
1368 44 3184
1369 44 3036
1370 44 3207
1372 44 3062
1375 44 3315
1377 44 3157
1378 44 3539
1379 44 3152
1380 44 2771
1382 44 2784
1384 44 2991
1389 44 2888
1390 44 3539
1392 44 2887
1393 44 3428
1394 44 2826
1402 44 2920
1403 44 2744
1404 44 3125
1408 44 3412
1409 44 3220
1410 44 2803
1411 44 3462
1412 44 3538
1413 44 3279
1414 44 2780
1417 44 3267
1418 44 3008
1421 44 3199
1424 44 3628
1425 44 3656
1426 44 3288
1428 44 2937
1429 44 2918
1430 44 3605
1432 44 2959
1433 44 3673
1434 44 3495
1435 44 3348
1437 44 2772
1438 44 3051
1440 44 2818
1441 44 3279
1442 44 3000
1444 44 2867
1445 44 2892
1446 44 3512
1447 44 3495
1448 44 3484
1449 44 3541
1450 44 3552
1452 44 2836
1453 44 2768
1454 44 3081
1457 44 3262
1458 44 2900
1459 44 3504
1465 44 3006
1466 44 3259
1472 44 3629
1473 44 3088
1479 44 3135
1481 44 3452
1483 44 3219
1488 44 2938
1489 44 3556
1490 44 3476
1493 44 3599
1495 44 2852
1500 44 3149
1505 44 3168
1506 44 3134
1510 44 3449
1517 44 3348
1518 44 3462
1519 44 2765
1521 44 3196
1522 44 3289
1523 44 3600
1529 44 3656
1535 44 3259
1538 44 3323
1715 45 2730
1706 45 2736
1651 45 2739
1595 45 2745
1683 45 2758
1603 45 2760
1633 45 2761
1708 45 2764
1583 45 2768
1644 45 2768
1627 45 2769
1720 45 2770
1669 45 2772
1724 45 2773
1650 45 2780
1685 45 2786
1605 45 2788
1705 45 2788
1622 45 2790
1639 45 2791
1630 45 2793
1611 45 2794
1661 45 2796
1609 45 2798
1726 45 2801
1628 45 2831
1568 45 2834
1586 45 2839
1608 45 2861
1585 45 2862
1684 45 2899
1590 45 2899
1629 45 2901
1674 45 2904
1549 45 2904
1655 45 2907
1668 45 2907
1582 45 2911
1680 45 2925
1541 45 2938
1703 45 2941
1675 45 2944
1616 45 2955
1604 45 2958
1546 45 2965
1721 45 2970
1719 45 2981
1638 45 2992
1713 45 2998
1588 45 3001
1620 45 3002
1657 45 3002
1663 45 3004
1593 45 3009
1664 45 3009
1539 45 3012
1618 45 3015
1654 45 3016
1692 45 3029
1659 45 3034
1594 45 3053
1591 45 3058
1660 45 3060
1645 45 3065
1677 45 3066
1635 45 3067
1626 45 3069
1554 45 3071
1613 45 3071
1601 45 3086
1707 45 3087
1694 45 3089
1696 45 3094
1570 45 3094
1686 45 3100
1615 45 3107
1682 45 3107
1575 45 3108
1672 45 3109
1690 45 3113
1578 45 3116
1610 45 3118
1543 45 3119
1658 45 3132
1679 45 3134
1552 45 3138
1636 45 3145
1693 45 3156
1723 45 3156
1563 45 3158
1540 45 3183
1649 45 3193
1574 45 3206
1681 45 3209
1576 45 3223
1667 45 3231
1671 45 3233
1551 45 3234
1725 45 3245
1631 45 3250
1545 45 3251
1559 45 3257
1612 45 3263
1704 45 3273
1714 45 3275
1700 45 3279
1691 45 3279
1544 45 3297
1698 45 3302
1550 45 3304
1637 45 3305
1566 45 3314
1697 45 3317
1569 45 3320
1699 45 3331
1598 45 3337
1648 45 3342
1678 45 3358
1701 45 3358
1556 45 3364
1547 45 3367
1597 45 3368
1560 45 3380
1619 45 3390
1555 45 3395
1653 45 3411
1670 45 3411
1709 45 3421
1592 45 3423
1561 45 3423
1641 45 3424
1642 45 3425
1687 45 3430
1710 45 3441
1573 45 3447
1718 45 3456
1572 45 3458
1625 45 3458
1647 45 3481
1589 45 3487
1623 45 3496
1716 45 3517
1617 45 3519
1607 45 3523
1634 45 3529
1600 45 3530
1673 45 3537
1558 45 3541
1599 45 3547
1553 45 3550
1652 45 3559
1662 45 3568
1596 45 3577
1567 45 3585
1564 45 3586
1542 45 3587
1695 45 3589
1587 45 3597
1614 45 3602
1580 45 3603
1584 45 3607
1717 45 3607
1579 45 3610
1577 45 3616
1581 45 3623
1728 45 3623
1689 45 3627
1712 45 3627
1624 45 3654
1632 45 3662
1602 45 3666
1727 45 3669
1562 45 3677
1711 45 3692
1656 45 3692
1666 45 3697
1621 45 3698
1676 45 3704
1548 45 3710
1722 45 3710
1688 45 3713
1571 45 3725
1646 45 3726
1540 46 2450
1543 46 2583
1544 46 2266
1545 46 1922
1549 46 1805
1551 46 1754
1552 46 2237
1554 46 2518
1556 46 1955
1557 46 2669
1558 46 2479
1560 46 2289
1562 46 2241
1568 46 1988
1571 46 2140
1572 46 2702
1574 46 2042
1578 46 2267
1580 46 1881
1584 46 2240
1585 46 2543
1588 46 1958
1590 46 2660
1593 46 2076
1594 46 1863
1596 46 1996
1598 46 2257
1599 46 2469
1601 46 1988
1603 46 1973
1604 46 2051
1605 46 1915
1606 46 1821
1609 46 2382
1611 46 2550
1612 46 2541
1613 46 2197
1615 46 2311
1617 46 2681
1619 46 2141
1622 46 2382
1623 46 2022
1624 46 2064
1626 46 2649
1627 46 1964
1628 46 2053
1629 46 2377
1630 46 1955
1631 46 2286
1634 46 2254
1635 46 2400
1636 46 2644
1637 46 1901
1638 46 1970
1641 46 2634
1642 46 2388
1645 46 1943
1646 46 1988
1648 46 2118
1649 46 2023
1651 46 2623
1654 46 2394
1656 46 2404
1657 46 2059
1660 46 2288
1665 46 2627
1666 46 2273
1670 46 2639
1671 46 1775
1672 46 2404
1676 46 2587
1678 46 2033
1681 46 2615
1684 46 2159
1687 46 2675
1689 46 2517
1692 46 2283
1695 46 1861
1696 46 2235
1697 46 1808
1698 46 2669
1699 46 2110
1700 46 2046
1701 46 2321
1702 46 2635
1705 46 2626
1709 46 2219
1710 46 2072
1711 46 2557
1714 46 1845
1717 46 1751
1719 46 2592
1721 46 2339
1725 46 2082
1727 46 2411
1728 46 2479
1540 47 2713
1546 47 2420
1548 47 2185
1550 47 2164
1551 47 1963
1555 47 1943
1556 47 2360
1559 47 1895
1560 47 2656
1563 47 2573
1564 47 2112
1565 47 2179
1567 47 2611
1570 47 2230
1573 47 2410
1574 47 2153
1575 47 2475
1577 47 2329
1579 47 2153
1581 47 2242
1583 47 2179
1585 47 2136
1587 47 1849
1591 47 2646
1593 47 1801
1596 47 1980
1600 47 1979
1602 47 2682
1603 47 2458
1604 47 2116
1606 47 2000
1607 47 1917
1608 47 2174
1610 47 2451
1611 47 2565
1614 47 2542
1615 47 2025
1616 47 2544
1619 47 2025
1620 47 2085
1624 47 2084
1625 47 1760
1626 47 2296
1627 47 1848
1628 47 2220
1629 47 2371
1630 47 2625
1631 47 2671
1633 47 2574
1634 47 2178
1636 47 1855
1637 47 1958
1638 47 2599
1642 47 2589
1644 47 1847
1645 47 2211
1647 47 1918
1648 47 2485
1649 47 2545
1650 47 2509
1656 47 2155
1658 47 1908
1661 47 2292
1662 47 2108
1666 47 2722
1667 47 2504
1672 47 1893
1673 47 2095
1674 47 2517
1676 47 2696
1681 47 1937
1683 47 2130
1684 47 2111
1686 47 2526
1687 47 1752
1688 47 2135
1689 47 2365
1693 47 2063
1694 47 1999
1695 47 1852
1696 47 2689
1699 47 1771
1701 47 2017
1703 47 2509
1707 47 2125
1709 47 2424
1710 47 2420
1713 47 1872
1715 47 2164
1719 47 2651
1720 47 2698
1722 47 2231
1723 47 2001
1724 47 2471
1725 47 2016
1727 47 2521
1728 47 2453
1540 48 4317
1541 48 4433
1543 48 3804
1544 48 4465
1545 48 4032
1546 48 4205
1547 48 3766
1548 48 4058
1551 48 4193
1552 48 4133
1557 48 4408
1558 48 4282
1560 48 4223
1561 48 4329
1563 48 4101
1568 48 4552
1571 48 4673
1572 48 4345
1574 48 4628
1575 48 4465
1577 48 3890
1578 48 4369
1580 48 3840
1581 48 4650
1586 48 3781
1587 48 3999
1592 48 3738
1594 48 4657
1596 48 4341
1605 48 4385
1606 48 4665
1607 48 4679
1608 48 4282
1609 48 4285
1610 48 4665
1611 48 3925
1614 48 3909
1615 48 4090
1616 48 4699
1617 48 4633
1618 48 4421
1620 48 3860
1621 48 4497
1623 48 4367
1625 48 3811
1626 48 3851
1627 48 4683
1628 48 4086
1633 48 4448
1635 48 4571
1637 48 4600
1640 48 4662
1641 48 4320
1642 48 4535
1643 48 3752
1644 48 4222
1645 48 4186
1647 48 4638
1655 48 4203
1657 48 4229
1660 48 4237
1662 48 4127
1666 48 4261
1668 48 4127
1670 48 4621
1671 48 4270
1674 48 4655
1677 48 4280
1681 48 4223
1683 48 4390
1684 48 4652
1685 48 4513
1687 48 4528
1690 48 4604
1692 48 4501
1693 48 4704
1694 48 4569
1695 48 4533
1696 48 4514
1701 48 4660
1702 48 4567
1703 48 4100
1707 48 4108
1710 48 4677
1712 48 4178
1714 48 3992
1715 48 3885
1716 48 4173
1717 48 3729
1718 48 4089
1720 48 3812
1722 48 3856
1725 48 4596
1728 48 4163
1539 29 2484
1543 29 2011
1548 29 2140
1549 29 2367
1551 29 2690
1552 29 2560
1559 29 2464
1562 29 2695
1563 29 2473
1565 29 2440
1566 29 2167
1569 29 1962
1571 29 2577
1574 29 2427
1575 29 2179
1576 29 2591
1577 29 2613
1582 29 2711
1583 29 2612
1584 29 2568
1586 29 2281
1587 29 2251
1595 29 1758
1600 29 2695
1601 29 2558
1602 29 2226
1603 29 1913
1604 29 2587
1606 29 2685
1607 29 2341
1608 29 2700
1609 29 1795
1611 29 2273
1612 29 2366
1613 29 1845
1615 29 2492
1616 29 2208
1617 29 1795
1620 29 1759
1621 29 1870
1624 29 2502
1625 29 2223
1627 29 2423
1630 29 2721
1634 29 2691
1635 29 2386
1638 29 2320
1640 29 2140
1641 29 2556
1642 29 2726
1645 29 1946
1651 29 1887
1652 29 2292
1653 29 2306
1654 29 2428
1655 29 2258
1656 29 2056
1657 29 2284
1660 29 2577
1662 29 2063
1663 29 2674
1666 29 2026
1667 29 1931
1668 29 1808
1670 29 1871
1671 29 1877
1672 29 2661
1675 29 2588
1676 29 2249
1679 29 2438
1680 29 2385
1681 29 1745
1682 29 2394
1684 29 2138
1686 29 2487
1687 29 1883
1689 29 2323
1690 29 2327
1691 29 2575
1692 29 2028
1694 29 2383
1695 29 1849
1696 29 1751
1702 29 1787
1703 29 2287
1705 29 2487
1708 29 2084
1710 29 2089
1715 29 2004
1717 29 2099
1718 29 2338
1719 29 2442
1720 29 2258
1722 29 2665
1725 29 2716
1726 29 1935
1728 29 2516
1542 30 2861
1545 30 3484
1548 30 3008
1549 30 3402
1553 30 3138
1554 30 3136
1555 30 3127
1556 30 2917
1560 30 3447
1561 30 3353
1563 30 3024
1565 30 2992
1568 30 2981
1569 30 3036
1571 30 2946
1573 30 3103
1576 30 2867
1577 30 2781
1578 30 3645
1581 30 3279
1582 30 3263
1583 30 2858
1584 30 2869
1587 30 2859
1590 30 3052
1591 30 3642
1594 30 3558
1597 30 3076
1602 30 3134
1605 30 3288
1606 30 2780
1608 30 3079
1609 30 3312
1610 30 3414
1611 30 3658
1612 30 2844
1615 30 3697
1616 30 3063
1618 30 2992
1619 30 3225
1620 30 3195
1621 30 3217
1623 30 3058
1624 30 3228
1625 30 3173
1627 30 3418
1628 30 3051
1631 30 3430
1634 30 2735
1636 30 3597
1637 30 2854
1639 30 2757
1640 30 2908
1642 30 2859
1647 30 2766
1652 30 3527
1653 30 3017
1654 30 2850
1655 30 2856
1656 30 2767
1657 30 3576
1660 30 2846
1662 30 3256
1664 30 3269
1667 30 2983
1668 30 3714
1674 30 2942
1678 30 3683
1682 30 3559
1683 30 3579
1685 30 2850
1686 30 3231
1689 30 2839
1690 30 3151
1692 30 3153
1694 30 3256
1695 30 3467
1697 30 2783
1700 30 2863
1701 30 2999
1702 30 3672
1703 30 2757
1705 30 2815
1706 30 3588
1709 30 3204
1710 30 2851
1711 30 3481
1713 30 2733
1714 30 3299
1715 30 2989
1716 30 3395
1717 30 3649
1718 30 3639
1721 30 3329
1722 30 2808
1726 30 2889
1727 30 3383
1540 49 2267
1541 49 2427
1545 49 1849
1547 49 2518
1548 49 2197
1550 49 2370
1552 49 1856
1553 49 2431
1556 49 1938
1557 49 2600
1559 49 1863
1562 49 2687
1565 49 2314
1566 49 2212
1567 49 2072
1570 49 1857
1572 49 1871
1574 49 1835
1576 49 2627
1578 49 1755
1579 49 1778
1580 49 2034
1583 49 2274
1584 49 1880
1585 49 1941
1586 49 2061
1588 49 2164
1592 49 2570
1594 49 2209
1595 49 2141
1596 49 2378
1597 49 1773
1599 49 1815
1600 49 2695
1601 49 1867
1603 49 2613
1605 49 2458
1606 49 2329
1607 49 2561
1608 49 2016
1609 49 1960
1610 49 2581
1612 49 2434
1613 49 1898
1617 49 2716
1618 49 1790
1620 49 2110
1623 49 2019
1624 49 2121
1626 49 2363
1630 49 2426
1631 49 1880
1632 49 1937
1634 49 2198
1635 49 2044
1636 49 2220
1637 49 1866
1638 49 2017
1639 49 2705
1641 49 2110
1642 49 1777
1643 49 1961
1644 49 2288
1645 49 2090
1648 49 2170
1649 49 1986
1650 49 2274
1651 49 2487
1654 49 2151
1655 49 1934
1660 49 2722
1661 49 2244
1663 49 1742
1664 49 1848
1665 49 1750
1667 49 2677
1669 49 1878
1670 49 2069
1672 49 2375
1675 49 2221
1677 49 2417
1679 49 1870
1683 49 2466
1684 49 2228
1685 49 2502
1687 49 2701
1688 49 2542
1689 49 1779
1690 49 2551
1691 49 2623
1693 49 2296
1697 49 2712
1700 49 2680
1701 49 2418
1702 49 1778
1703 49 2098
1704 49 1784
1705 49 2491
1706 49 2627
1710 49 2502
1712 49 2139
1713 49 2672
1714 49 1888
1715 49 1751
1716 49 1938
1721 49 2394
1722 49 2452
1723 49 1978
1728 49 2496
80 51 12
133 51 13
135 51 17
140 51 18
148 52 171
24 52 172
56 52 172
47 52 180
89 52 180
58 52 180
129 52 182
149 52 184
142 52 188
92 52 196
138 52 196
106 52 211
95 52 214
75 52 226
125 52 229
50 52 246
113 52 247
64 52 262
38 52 271
154 52 275
86 52 279
23 52 281
128 52 281
131 52 289
102 52 307
62 52 311
109 52 314
105 52 323
77 52 327
61 52 336
30 52 342
137 52 356
152 52 357
103 52 367
78 52 376
59 52 379
140 52 379
39 52 390
151 52 396
65 52 396
730 53 97
730 53 73
731 53 142
731 53 94
731 53 142
732 53 117
733 53 105
733 53 164
733 53 96
734 53 101
734 53 105
736 53 49
736 53 21
737 53 114
737 53 44
738 53 31
738 53 154
738 53 93
739 53 31
732 52 166
736 52 166
731 52 171
730 52 175
731 52 181
736 52 182
730 52 182
737 52 185
737 52 189
738 52 201
731 52 208
735 52 214
736 52 216
737 52 223
735 52 229
734 52 231
735 52 244
732 52 244
734 52 255
731 52 258
738 52 260
730 52 262
732 52 266
736 52 276
737 52 293
733 52 293
736 52 299
737 52 305
732 52 306
732 52 313
738 52 315
738 52 318
733 52 319
737 52 320
736 52 328
730 52 330
737 52 339
731 52 349
739 52 351
732 52 358
735 52 362
735 52 367
736 52 380
734 52 381
734 52 387
730 52 400
730 52 406
730 65 1561
731 65 1582
732 65 1571
733 65 1576
734 65 1655
735 65 1593
736 65 1586
737 65 1579
738 65 1699
739 65 1646
733 66 418
733 66 423
735 66 428
733 66 429
733 66 437
733 66 438
733 66 438
739 66 443
733 66 454
733 66 463
733 66 465
733 66 466
735 66 475
731 66 492
734 66 499
733 66 501
733 66 507
733 66 508
733 66 513
738 66 521
733 66 522
738 66 527
733 66 532
733 66 544
735 66 545
733 66 549
733 66 558
733 66 559
733 66 569
733 66 570
733 66 601
733 66 613
733 66 622
733 66 627
733 66 628
732 66 632
733 66 632
733 66 637
733 66 646
733 66 655
733 66 655
737 81 1259
732 81 1261
731 81 1265
733 81 1266
731 81 1270
734 81 1274
733 81 1279
736 81 1279
733 81 1280
739 81 1299
733 81 1316
733 81 1316
735 81 1325
739 81 1328
730 81 1334
739 81 1342
730 81 1350
734 81 1352
734 81 1354
730 81 1359
732 81 1360
734 81 1361
739 81 1364
733 81 1364
732 81 1368
733 81 1369
739 81 1372
730 81 1373
734 81 1376
737 81 1378
731 81 1384
732 81 1386
734 81 1386
738 81 1390
732 81 1394
731 81 1394
732 81 1418
739 81 1425
736 81 1429
736 81 1429
736 81 1437
733 81 1465
737 81 1473
739 81 1482
737 81 1488
736 81 1489
734 81 1492
731 81 1492
730 81 1495
735 81 1498
736 81 1509
730 81 1509
738 81 1519
735 81 1519
749 53 34
748 53 34
740 53 42
742 53 44
743 53 46
746 53 49
741 53 53
740 53 65
744 53 75
743 53 75
748 53 81
744 53 87
740 53 91
749 53 96
749 53 101
742 53 107
747 53 121
747 53 149
741 53 149
747 52 173
743 52 173
741 52 177
747 52 180
743 52 184
745 52 206
740 52 208
746 52 214
747 52 214
740 52 219
744 52 232
749 52 232
747 52 245
744 52 246
742 52 255
743 52 264
747 52 273
744 52 293
745 52 297
741 52 305
743 52 307
748 52 308
746 52 313
745 52 313
743 52 322
747 52 330
746 52 334
743 52 336
747 52 336
746 52 341
745 52 341
744 52 341
740 52 343
743 52 356
745 52 361
741 52 365
744 52 367
741 52 383
745 52 392
746 52 397
744 52 398
741 52 401
740 52 405
742 52 406
745 52 415
746 54 1255
747 54 1256
740 67 1543
741 67 1657
741 67 1638
741 67 1656
741 67 1685
741 67 1631
741 67 1586
741 67 1726
742 67 1620
743 67 1624
744 67 1681
744 67 1624
745 67 1617
746 67 1676
747 67 1666
748 67 1650
749 67 1644
740 81 1259
743 81 1265
743 81 1265
746 81 1271
741 81 1277
744 81 1287
744 81 1293
747 81 1307
744 81 1307
746 81 1313
749 81 1328
746 81 1331
746 81 1337
745 81 1342
747 81 1364
744 81 1368
747 81 1370
740 81 1376
749 81 1377
746 81 1377
748 81 1379
740 81 1394
747 81 1395
741 81 1399
748 81 1409
749 81 1409
741 81 1428
748 81 1432
741 81 1471
748 81 1477
748 81 1478
746 81 1482
747 81 1493
746 81 1524
740 81 1525
744 81 1525
744 81 1530
746 81 1534
751 53 36
751 53 117
752 53 139
752 53 165
752 53 61
752 53 123
753 53 31
753 53 79
754 53 92
755 53 148
755 53 148
756 53 53
757 53 109
757 53 87
758 53 50
758 53 69
759 53 28
759 53 152
758 52 166
759 52 186
759 52 186
755 52 188
756 52 192
753 52 209
755 52 210
753 52 210
754 52 210
758 52 216
750 52 219
758 52 238
759 52 246
750 52 251
750 52 255
751 52 270
752 52 274
752 52 276
755 52 276
757 52 281
756 52 287
754 52 291
750 52 295
756 52 296
750 52 299
757 52 309
751 52 312
753 52 322
750 52 325
750 52 336
754 52 336
756 52 340
753 52 344
756 52 346
752 52 351
755 52 355
755 52 381
751 52 381
752 52 382
753 52 396
759 52 408
753 54 1257
758 54 1258
758 68 1540
752 68 1544
757 68 1557
753 68 1563
754 68 1582
755 68 1583
759 68 1593
759 68 1595
753 68 1595
759 68 1597
752 68 1597
751 68 1619
759 68 1631
753 68 1641
750 68 1642
752 68 1649
757 68 1663
753 68 1666
750 68 1670
751 68 1670
757 68 1689
757 68 1690
750 68 1691
753 68 1696
756 68 1698
756 68 1698
756 68 1712
750 69 1577
751 69 1631
752 69 1687
753 69 1715
754 69 1708
755 69 1662
756 69 1631
757 69 1573
758 69 1705
759 69 1558
758 70 1251
753 70 1253
756 70 1253
752 70 1254
756 70 1256
754 70 1258
759 70 1258
750 56 684
758 56 685
758 56 699
753 56 702
757 56 704
759 56 704
759 56 705
752 56 707
758 56 708
755 56 708
751 81 1262
752 81 1279
759 81 1280
755 81 1281
756 81 1281
755 81 1282
756 81 1293
756 81 1295
754 81 1303
756 81 1310
751 81 1324
759 81 1326
753 81 1340
754 81 1341
758 81 1341
756 81 1344
750 81 1345
759 81 1348
751 81 1350
750 81 1350
753 81 1362
750 81 1362
757 81 1362
753 81 1363
757 81 1364
752 81 1366
759 81 1371
751 81 1375
757 81 1381
751 81 1385
750 81 1385
756 81 1410
750 81 1420
751 81 1425
753 81 1427
750 81 1428
756 81 1428
753 81 1428
757 81 1428
754 81 1434
750 81 1434
755 81 1439
756 81 1442
759 81 1444
754 81 1445
751 81 1458
757 81 1461
756 81 1465
754 81 1466
756 81 1470
759 81 1473
756 81 1486
755 81 1490
753 81 1495
759 81 1495
756 81 1497
759 81 1497
754 81 1503
759 81 1504
750 81 1505
756 81 1511
756 81 1513
753 81 1526
754 81 1526
753 81 1529
751 81 1529
760 53 45
760 53 28
761 53 45
761 53 156
761 53 52
762 53 68
762 53 136
763 53 108
763 53 70
764 53 148
764 53 49
764 53 145
765 53 98
766 53 73
766 53 26
766 53 56
767 53 100
767 53 104
767 53 52
767 53 139
768 53 85
768 53 139
768 53 28
768 53 69
769 53 21
769 53 66
769 53 147
769 53 31
762 52 168
763 52 168
769 52 171
764 52 178
762 52 181
763 52 185
762 52 192
769 52 203
767 52 208
766 52 218
760 52 225
761 52 237
762 52 240
761 52 244
765 52 244
767 52 251
762 52 253
764 52 255
764 52 255
765 52 263
766 52 271
762 52 278
768 52 281
767 52 291
767 52 294
769 52 308
766 52 316
762 52 349
761 52 349
763 52 356
761 52 356
764 52 369
763 52 384
766 52 384
769 52 412
764 54 1249
769 54 1250
761 54 1253
765 54 1257
760 71 1658
760 71 1552
761 71 1670
761 71 1688
762 71 1544
762 71 1649
762 71 1561
762 71 1624
762 71 1617
762 71 1544
763 71 1560
763 71 1649
763 71 1678
765 71 1616
765 71 1635
765 71 1658
765 71 1685
766 71 1624
766 71 1643
766 71 1573
767 71 1666
768 71 1697
768 71 1545
768 71 1613
768 71 1653
768 71 1686
769 71 1675
769 71 1688
760 72 1682
760 72 1595
761 72 1662
761 72 1620
761 72 1686
761 72 1648
761 72 1613
762 72 1540
762 72 1668
762 72 1669
762 72 1584
762 72 1559
763 72 1558
763 72 1588
764 72 1540
764 72 1725
764 72 1669
764 72 1588
764 72 1548
765 72 1639
765 72 1546
765 72 1542
765 72 1666
766 72 1680
766 72 1619
766 72 1545
766 72 1601
766 72 1571
766 72 1629
768 72 1552
768 72 1616
768 72 1542
768 72 1621
769 72 1706
769 72 1558
769 56 686
764 56 702
766 56 703
767 56 703
764 56 710
765 81 1268
762 81 1271
760 81 1279
769 81 1279
765 81 1286
765 81 1288
763 81 1292
765 81 1295
767 81 1299
764 81 1300
769 81 1310
767 81 1310
764 81 1311
768 81 1318
761 81 1324
764 81 1328
761 81 1330
767 81 1330
761 81 1338
762 81 1338
764 81 1346
760 81 1349
761 81 1354
766 81 1356
766 81 1359
761 81 1360
764 81 1382
764 81 1386
765 81 1395
766 81 1406
762 81 1409
768 81 1412
762 81 1421
760 81 1430
768 81 1436
763 81 1444
765 81 1478
760 81 1480
769 81 1481
765 81 1489
766 81 1496
764 81 1498
764 81 1514
769 81 1526
768 81 1529
766 81 1533
769 81 1537
770 53 64
770 53 67
770 53 157
770 53 123
772 53 157
772 53 62
772 53 138
773 53 147
773 53 64
773 53 33
774 53 142
774 53 25
774 53 50
775 53 126
775 53 138
776 53 24
776 53 86
777 53 60
777 53 135
777 53 36
779 53 153
779 53 127
779 53 91
772 52 167
770 52 170
773 52 181
777 52 181
779 52 185
776 52 202
773 52 208
772 52 212
778 52 219
773 52 221
773 52 223
774 52 223
777 52 229
771 52 230
778 52 248
776 52 255
778 52 264
779 52 272
775 52 274
777 52 284
776 52 286
771 52 289
776 52 299
771 52 302
771 52 307
770 52 307
776 52 314
774 52 323
772 52 323
778 52 330
777 52 338
777 52 343
773 52 347
776 52 347
777 52 349
777 52 374
779 52 377
776 52 378
771 52 391
771 52 394
774 52 397
777 52 399
777 52 404
775 52 404
779 52 404
773 54 1254
775 54 1254
770 71 1619
771 71 1582
772 71 1614
773 71 1712
774 71 1558
775 71 1646
776 71 1619
777 71 1693
778 71 1657
779 71 1700
770 72 1643
770 72 1585
771 72 1693
771 72 1689
771 72 1667
772 72 1541
773 72 1585
773 72 1641
773 72 1541
774 72 1574
774 72 1571
774 72 1716
775 72 1722
775 72 1596
776 72 1588
776 72 1706
776 72 1558
778 72 1609
778 72 1623
778 72 1728
779 72 1576
779 72 1594
779 72 1714
773 81 1261
775 81 1263
771 81 1264
776 81 1269
775 81 1269
773 81 1272
774 81 1273
779 81 1273
774 81 1275
772 81 1286
770 81 1303
770 81 1307
773 81 1310
776 81 1314
771 81 1318
775 81 1325
772 81 1326
774 81 1326
775 81 1327
773 81 1335
770 81 1341
775 81 1342
774 81 1343
777 81 1343
770 81 1353
779 81 1353
777 81 1356
770 81 1357
771 81 1361
778 81 1367
777 81 1377
772 81 1378
774 81 1383
776 81 1394
770 81 1396
772 81 1396
776 81 1416
779 81 1423
771 81 1443
772 81 1445
770 81 1446
779 81 1454
772 81 1463
772 81 1464
776 81 1464
776 81 1465
776 81 1471
774 81 1477
775 81 1481
770 81 1488
773 81 1490
779 81 1499
773 81 1500
778 81 1510
778 81 1512
770 81 1518
774 81 1520
777 81 1536
780 53 99
780 53 162
780 53 42
780 53 122
781 53 26
781 53 121
781 53 21
782 53 165
782 53 83
783 53 73
783 53 42
783 53 22
784 53 68
784 53 165
784 53 152
785 53 78
785 53 53
786 53 22
786 53 134
786 53 30
787 53 147
787 53 139
788 53 90
788 53 73
788 53 38
789 53 30
789 53 116
789 53 159
789 53 78
785 52 168
785 52 168
789 52 172
781 52 212
788 52 214
788 52 229
784 52 238
786 52 240
781 52 255
781 52 255
783 52 260
788 52 265
785 52 265
785 52 272
783 52 272
784 52 283
784 52 284
786 52 284
781 52 299
782 52 300
781 52 306
786 52 313
785 52 327
784 52 341
789 52 350
787 52 362
783 52 362
782 52 365
781 52 374
782 52 394
786 52 394
782 52 412
780 52 412
787 52 413
788 54 1250
780 54 1251
786 81 1264
780 81 1280
786 81 1284
782 81 1292
789 81 1292
789 81 1293
789 81 1296
781 81 1298
786 81 1302
781 81 1303
787 81 1307
781 81 1317
784 81 1319
787 81 1323
787 81 1323
780 81 1324
789 81 1326
786 81 1336
780 81 1339
784 81 1340
781 81 1342
789 81 1347
787 81 1348
780 81 1354
781 81 1361
780 81 1364
789 81 1372
788 81 1375
784 81 1379
788 81 1384
785 81 1389
780 81 1392
788 81 1394
782 81 1396
782 81 1412
782 81 1412
788 81 1414
780 81 1423
785 81 1426
788 81 1430
782 81 1435
786 81 1456
782 81 1458
785 81 1460
787 81 1462
787 81 1465
783 81 1477
785 81 1479
780 81 1490
781 81 1492
784 81 1495
782 81 1509
784 81 1520
787 81 1527
457 55 658
524 55 660
555 55 667
1257 56 687
1253 56 689
1258 56 692
1255 56 698
1254 56 699
1251 56 707
1664 57 738
1559 57 742
1613 57 746
1613 57 747
1651 57 752
1728 57 754
1596 57 758
1661 57 758
1620 57 760
1687 57 762
1643 57 762
1609 57 763
1564 57 766
1607 57 772
1567 57 775
1598 57 775
1553 57 783
1654 59 1549
1618 59 1552
1608 59 1553
1566 59 1554
1660 59 1556
1680 59 1558
1649 59 1561
1650 59 1581
1707 59 1585
1680 59 1587
1618 59 1590
1666 59 1599
1728 59 1599
1716 59 1602
1562 59 1602
1611 59 1606
1552 59 1610
1630 59 1615
1631 59 1615
1712 59 1630
1725 59 1631
1583 59 1634
1663 59 1636
1666 59 1655
1703 59 1658
1665 59 1658
1686 59 1659
1666 59 1670
1710 59 1671
1616 59 1683
1629 59 1690
1684 59 1691
1575 59 1701
1687 59 1702
1559 59 1705
1660 59 1720
1724 59 1722
1600 59 1725
1637 59 1726
1552 60 1541
1573 60 1568
1560 60 1572
1652 60 1574
1710 60 1576
1660 60 1591
1637 60 1597
1596 60 1613
1621 60 1614
1563 60 1629
1617 60 1636
1542 60 1638
1643 60 1638
1687 60 1646
1726 60 1647
1662 60 1648
1717 60 1649
1614 60 1649
1598 60 1657
1658 60 1659
1576 60 1667
1631 60 1671
1712 60 1681
1605 60 1682
1651 60 1684
1711 60 1686
1708 60 1706
1648 60 1716
1580 60 1728
1655 61 420
1650 61 424
1598 61 425
1649 61 428
1653 61 433
1574 61 444
1654 61 448
1698 61 457
1720 61 459
1547 61 463
1618 61 464
1605 61 464
1682 61 467
1606 61 487
1641 61 493
1639 61 496
1656 61 499
1603 61 505
1551 61 505
1676 61 514
1665 61 517
1717 61 543
1663 61 564
1647 61 565
1592 61 572
1680 61 582
1673 61 591
1630 61 591
1575 61 593
1660 61 598
1604 61 603
1637 61 611
1572 61 619
1554 61 624
1569 61 625
1557 61 625
1675 61 625
1617 61 638
1668 61 639
1652 61 643
1636 61 649
1591 61 651
1692 64 657
1631 64 670
1683 64 674
1598 64 674
1715 78 974
1685 78 979
1655 78 980
1657 78 980
1707 78 980
1563 78 984
1563 78 986
1720 78 986
1633 78 987
1703 78 992
1647 78 999
1695 78 999
1609 78 1032
1657 78 1032
1703 78 1033
1567 78 1050
1716 78 1052
1728 78 1062
1609 78 1064
1626 78 1065
1590 78 1072
1697 78 1096
1663 78 1109
1710 78 1111
1667 78 1112
1597 78 1114
1660 78 1120
1681 78 1121
1593 78 1123
1574 78 1130
1713 78 1131
1615 78 1135
1693 78 1138
1714 78 1154
1712 78 1155
1546 78 1158
1646 78 1172
1629 78 1173
1593 78 1218
1573 78 1234
1618 78 1236
1587 78 1236
1700 78 1238
1566 78 1238
1551 78 1239
1634 78 1243
1632 78 1246
790 73 937
790 73 886
791 73 939
791 73 935
791 73 833
791 73 800
791 73 948
792 73 869
793 73 842
794 73 859
795 73 901
796 73 871
797 73 931
798 73 823
798 73 840
790 74 1693
791 74 1649
792 74 1683
793 74 1684
794 74 1637
795 74 1700
796 74 1539
797 74 1625
798 74 1674
791 75 1539
796 75 1539
790 75 1551
791 75 1553
797 75 1564
793 75 1572
791 75 1586
796 75 1589
796 75 1594
791 75 1600
793 75 1601
792 75 1610
793 75 1617
792 75 1624
795 75 1630
796 75 1630
791 75 1632
793 75 1638
794 75 1643
792 75 1643
795 75 1653
790 75 1654
793 75 1658
797 75 1666
792 75 1667
793 75 1688
797 75 1692
793 75 1698
793 75 1698
797 75 1703
794 75 1704
797 75 1705
796 75 1708
793 75 1712
791 75 1715
794 75 1715
791 75 1726
819 76 731
823 76 737
936 76 740
822 76 744
879 76 744
823 76 753
966 76 762
940 76 769
946 76 779
827 76 784
912 76 784
955 72 656
888 72 669
1071 79 732
1093 79 741
1209 79 745
1008 79 745
1107 79 746
1129 79 746
1171 79 748
1193 79 754
1050 79 755
1100 79 761
1222 79 779
1233 79 782
1290 80 1539
1459 80 1554
1518 80 1556
1320 80 1557
1335 80 1562
1488 80 1571
1422 80 1572
1388 80 1575
1531 80 1582
1479 80 1582
1465 80 1587
1382 80 1597
1365 80 1600
1461 80 1605
1530 80 1609
1503 80 1609
1378 80 1610
1337 80 1612
1350 80 1619
1316 80 1619
1506 80 1628
1307 80 1631
1376 80 1634
1311 80 1646
1268 80 1652
1486 80 1653
1451 80 1653
1516 80 1657
1501 80 1660
1440 80 1661
1393 80 1683
1347 80 1685
1334 80 1688
1401 80 1688
1325 80 1705
1385 80 1707
1319 80 1713
1442 80 1725
